520.6262458363192 115.33795109342522 186.50585474888908 285.3834115458511 450.74413430597303 524.0957964889981 481.845298621481 238.42905917166902 107.97209811089598 250.50498507134273 91.48996916457864 169.096049048354 320.40329803176076 212.97030589763148 218.80171636318474 329.91571119496774 354.02007979360656 190.2216496914397 562.5522136499637 137.10701490553734 
529.8439157924568 449.0443968399324 40.927061628076316 310.14170063505406 469.4422706875488 294.70262775462027 91.9338089317714 350.79907692632764 302.3861343282786 615.1490002064181 558.8074962306267 307.80438622054436 319.25201242361516 240.1150063704596 519.0074746696466 323.1443595272549 103.76207818995196 86.17529772920909 365.3993416795678 606.1537609786283 
127.65623515201864 408.87989338733763 398.21563369087664 431.4667612907682 541.889968676403 33.048062764915144 336.3891410376288 306.92671316916125 447.75146372105695 582.3175507008905 106.85242647004445 207.54820791418885 481.49207648671097 279.0428778188825 20.39755114277169 121.62515166666066 296.0636151018268 435.6365406494473 392.6894419762951 305.0785483243236 
73.55636950551886 508.4469114160685 219.02695343221208 590.1378125059216 351.9315647071433 335.26638034708986 61.445160417868124 44.44929512341234 599.6419674806114 127.5636879423342 56.75276101748732 226.70584940926517 121.73445031222906 338.5341107560319 304.09823752399706 434.891061844916 231.02825607116554 78.06132742539747 240.65859635415626 493.2321144181044 
167.96266440333858 95.68455251055619 364.0444560205903 373.9547640743686 402.7078524916524 302.6648408710812 210.01512045906074 499.93432979450176 103.13269141651163 554.2443066070346 444.0974918211899 124.33657102424922 302.22326628919734 363.1918955392215 275.7025896710726 333.34181591659456 448.54567810774716 565.7295491338647 153.33332058962145 368.04659415182937 
173.34728654683835 510.9325106051179 49.47729641751646 111.6360836219218 257.8896342365837 94.6974904012207 593.7785284248885 137.9213798752191 534.6072251527829 509.3724373373639 63.08163023571707 467.33524182482284 405.68559883921546 130.14169963629388 186.94228973984866 526.4800678068154 612.6527345037194 109.26029978798233 277.19793339325645 557.3219477166568 
240.57731164526106 199.23108513765013 140.19203468541343 72.1243352035564 490.467588562488 276.0184825838178 580.2461287551985 500.2153510540276 503.46486796546077 383.39265952880737 52.97299834525025 122.68215892642046 70.42501152771419 69.49775240814371 577.0250528430568 141.08658997052592 210.48196812999424 336.73803199650365 162.87141477252433 76.2952116248889 
552.1869072729265 276.0756623463143 167.19760584421343 443.51816464742035 400.8169089989149 406.8337571537584 331.5215212715701 199.65005754925915 325.4467258046045 293.09869886232616 613.6195352875079 609.0069697962261 49.377482947590394 357.8152320736905 270.35628798787246 323.55314352046213 577.5161768455282 565.668166935943 400.51213501693957 223.71117817813186 
44.29944011032457 195.8445482957931 106.2018683360098 115.84948223936979 515.7556430219365 75.76980889003181 581.4785152466636 132.5407471725179 529.2988223361996 396.91195458784256 386.7158820242685 31.68510393151707 504.8483507690208 583.7472060819464 117.36377897340527 540.5918121451195 310.8680123949432 36.98114951051011 25.66938315443155 241.11323609410078 
218.91827660301183 522.1189232258195 103.95884099573925 241.9247207466745 430.31548502177856 324.4782920259675 288.0725446891815 234.04429628187555 508.4917842895137 441.7393819347209 389.5480370617312 275.685864604249 200.6493983820535 35.124752502229086 115.14420680861224 602.5395772325413 282.3031493702749 510.3035394786023 282.300518674592 309.5732771128017 
408.3048784341551 549.1136175242747 489.12508799017405 100.44865562405963 103.94360895018131 563.1952073551402 47.50528603484901 50.64592133106569 179.71505430523735 390.6299976857852 137.93471692658113 280.39067198539635 203.35437036826042 606.6792644833325 494.6501318102849 583.4768155032423 412.72584020941366 569.7149908399958 279.67225962526595 608.0792001287421 
403.1632166544814 273.4374833879044 354.34417833891007 535.6497950408319 272.8545220229431 26.473466212555536 106.96093323534562 553.9910324386425 459.8649904042959 530.4482152436797 145.08428989691492 570.6001836558513 254.39201887630796 77.62559338047018 111.13624353056204 562.3785457419107 519.8457012610642 139.20975049563827 229.86513204383664 307.7990115472204 
106.34892258119424 165.40209376538937 346.2779879336673 397.62596515305444 190.25048499413296 368.3074757540639 562.6330523885254 570.2811606199288 323.2453193627248 208.78321911158315 533.0859927898167 567.949288966757 124.69525771037154 258.3247420281625 24.583724661382217 459.51716404573216 300.74432684171813 257.08158658871247 502.59956253722606 526.4400042375123 
423.82215907648254 139.0975381754695 450.3034085713725 357.6288166275723 56.12936861871563 145.86863359092956 79.76073465241038 549.4524902284027 350.6986638526815 499.31283098624306 43.754169664637544 356.94842162413227 413.62525351500284 55.24492022007561 506.821291196171 392.33531089469636 261.0605807848141 108.4507283650398 484.102652383006 416.92199142926256 
154.56292983052128 470.4540872279944 506.5934152016227 422.50607900752954 48.39867510435927 291.07040749494104 421.392723717136 148.35595060109299 32.38806214016797 44.84069740573056 485.54424671411647 129.87019143101372 403.88908897990274 53.43966046293585 262.0618488734907 325.00777486462107 152.5133367511655 65.15167878766391 176.7340747325064 314.5832790905773 
591.1675196869467 362.5083747411936 544.3011497813144 422.52032915931414 617.0144377069763 219.18164236183057 222.59833045464777 252.15744762846043 235.94713314431323 477.2256400701891 203.25929396110558 284.69987343928636 334.16993920691806 365.7618552393617 197.5733326532963 335.9111165213864 30.480253050277643 432.20061138378276 426.0901198772705 217.1379731545142 
292.84476128396255 207.093034685928 570.565753889969 296.7628545214125 452.8637675039019 373.7071501279986 596.8439406604303 408.17704172184017 201.71753295753965 163.42182443439182 507.2658477999017 500.3687599147761 601.1882844040067 48.0322931473302 431.2026826615718 577.2196535665634 193.35160805149073 150.0611186815559 212.3044419184534 21.603640408591666 
442.5310847996161 542.168249625236 201.05877390142578 150.38162326426962 93.10983649518418 156.753987899849 311.2536826379093 196.386032878536 176.79275349246595 176.8484401688849 548.9376974784515 463.48884631255214 152.91315816301753 529.3815417400745 372.4714831208534 150.84684393044995 615.3776344130745 451.92702818530364 392.26437533831916 292.4178523587909 
549.8428538494176 454.0143848084005 468.78980381021154 207.84181244153348 74.71799007096789 144.1023592913239 417.473261705482 610.7802005240927 549.586636663621 343.30786648326483 79.04657331098595 270.8077717293934 84.64190531219762 56.98404500677492 463.96223111345944 274.95041731005324 34.72839161925572 25.241129242545163 29.461486572144274 84.96251018326562 
411.58494879519196 123.50395448147654 97.8901403344231 336.4379732970067 97.88176458439975 234.19987056437557 574.8554434402 475.8485119893601 496.6456681808669 560.6707432171171 275.81823855167397 481.60277560300784 599.6674262485315 504.40284075334944 119.71379298737347 465.2204214881352 408.4846463457445 176.66831664502132 398.1952335500301 498.7145113796706 
391.53415862786596 365.67211692524614 279.0933076184114 164.27625351524372 411.06752541978017 530.2979201057703 52.68614356422614 472.3557037640663 503.4235987061907 541.5470950357517 179.37292718920094 144.2322737302281 46.25160972859099 42.76407427774514 347.3449750184635 605.1686009860856 396.27882249547986 249.74230277118534 98.84826866682788 584.2418037428207 
31.21629350924578 561.8041638296122 333.6309713472498 366.9456706434989 179.39661305409817 504.94885895764713 348.1697806316762 496.657597879331 70.73727316648089 278.16185364033805 219.2688128771428 271.06398971735814 92.62353316199743 523.9797538321718 490.6248153128158 329.6380285175794 84.30441442923953 294.40423870941765 270.9524324932684 578.2632844585803 
553.3956908941981 133.25890100205635 402.26328288055424 447.0971381049097 348.0834755732112 546.0827054055743 506.8926214342008 227.767767667208 68.62231879196048 78.6538403929581 471.8672053908838 585.998240464544 251.72146766230063 375.2375979312464 279.208393922765 495.7517241905165 311.41302805084854 537.652284410739 40.76388874987856 590.9913977257125 
169.9958619154003 456.2465693034557 446.1621151031116 481.14883122892024 62.6488763064824 533.8823866176533 382.4829317451108 326.39465217815 149.30751455836352 374.0167643725536 34.23832522883622 318.8052179200292 517.3971730220601 353.97673739322704 522.256969326074 265.5189549364335 509.01732257222267 554.5206784166509 290.0663450387645 419.97631337468516 
56.1700001259059 66.78014469435502 596.3661367225681 57.336858469382975 457.6266237486989 447.67580307044244 222.18669361284032 40.16741610975414 381.0265328356626 444.90114180009044 451.3263125155749 170.49497746487702 423.8014259896209 462.5680014738963 132.66109966104693 274.3180251108088 316.5190578511184 588.6072533335632 382.9210914867925 314.67020461903496 
602.2402557438808 155.01871545882003 238.52645046218643 379.32990123226375 375.4827738522846 352.06397038719564 115.07750959856978 339.2696321759366 214.38588039178256 167.495732082055 83.09232529499539 323.9388991680975 389.6693608916803 71.91759121340803 518.5855523966798 309.4742820358892 183.9807034111085 421.3679431290883 237.08242181563438 265.9305476414206 
105.22425162559865 298.2216816116552 569.6614066027973 59.62653267353442 527.4659530243073 261.50364608289874 589.6196026903012 256.6994001646304 43.007680380275964 27.707320414681583 48.35433419727356 323.96131886171736 559.2245704494896 253.21273077486126 329.0547904707351 473.15203567074843 523.7594787605265 339.3971792478287 476.79754897182 344.6811444342511 
411.6679095139412 531.5325773741215 513.6395721318099 476.9539906478853 358.10762227119017 532.5632264550205 397.302590402736 57.374680099813105 570.1661537528335 202.8576344230046 532.0425088008726 201.1202249158304 301.4205324217418 267.02827423849766 290.29761952777454 553.7792905237944 322.82245546348634 498.91288702483 153.7093429038011 563.9495546685564 
173.5030940809272 205.8112214908033 32.109364135395566 121.88722692755117 225.0909084738877 583.0709067300945 269.0667316888726 410.3026459809387 143.1365087808308 260.1160951370343 592.5888697286008 563.3955343788874 479.238171341187 109.0128273378493 219.5699675743198 280.22385935233217 477.46175598260965 536.6647603472542 72.5809623860332 88.49980341387494 
328.64888850166193 431.732938158232 417.5942695771794 104.90686035038742 56.20696181723311 487.373518666138 581.2375442197473 88.03160058711768 566.9749227831998 570.8870690797418 356.16989169259216 130.00392929988055 550.758411550675 161.37327666511544 453.1744666197944 282.9396628870817 462.12818023322586 226.4847450895138 108.56100799041951 566.2790102496912 
368.0753354136609 259.3736382745328 305.47234338383817 551.1148783682316 195.11736253820567 546.9250521320665 217.68831631464747 267.60458415454923 259.448490147713 90.37062128249329 434.521048921947 131.5589233598714 113.72833858068307 549.376326065228 275.3953561152302 136.30217404656923 494.10240662738823 330.698172343962 52.707870244120805 505.8968021208486 
101.04832735883537 292.4994724882646 91.55870581526213 155.82676382851918 97.6414689616012 85.42348497048451 464.94954965901894 257.2329715453898 558.833816272622 301.5151811927635 153.04171549665506 550.7948043533951 255.33969543392797 552.0859282755375 485.0680080775138 206.35132361131608 505.7222550096623 545.6147267822331 472.4922174688077 174.35605265945915 
180.2743062185101 586.779877048158 592.0098249169939 525.2589138119297 290.28742221283125 467.71469967724414 526.9838347406571 222.90918624621355 146.30295717215324 72.58120622638552 525.90943437328 328.0733416942565 218.9386571545501 366.5553232892886 586.5011064431824 378.16108957329845 585.8848587496898 590.3175257664399 223.99617664095376 39.25401149141173 
198.6637463114022 231.14261217321285 532.2683363250432 276.5299156003249 552.7455520548392 91.68225872564808 196.3449939757266 239.17708956480334 94.61556765708369 527.5343041029993 64.92219561379403 605.8919804821728 49.38540014109485 474.69233457135255 441.47087441686017 287.0541541858279 502.54256866961236 437.9694185494005 602.5281025944146 529.6722544912898 
519.431942084133 161.48973464426408 601.767172809742 21.194676237856275 36.06290370920851 452.34173213207015 168.44029396853702 138.2787665617251 204.83593548215833 178.48677801755156 458.7875006745776 36.612236961193645 228.78236934764672 612.0168447107591 169.0057176344739 427.88062294155856 267.91110079523037 38.85509857783485 468.3715380787219 239.97444250787973 
351.25601694967355 105.99310880682776 361.1116351293368 506.52985900079346 378.21774186715805 527.3584250867908 235.61445011791415 581.8966381243395 442.79367943495254 319.4062658928819 309.5769382035943 127.62702137670179 264.2899609980139 487.52908822745087 29.680162816274528 66.57939066944859 258.10904118162506 234.3777940208794 434.3873359902617 50.73045810488004 
330.2067680806101 511.1882948683236 238.45832410147563 338.7896366499985 428.81260422900544 83.20712325090163 547.77409537399 529.709455316814 437.00682005038135 30.310120371512355 263.0650437324041 348.1856969392394 139.74834961373494 353.90746407073283 381.13678606523587 28.241010397580695 148.9470454585324 111.22931282214213 152.18738088687485 390.9858854872497 
20.174178776013335 48.085441031225876 601.8095252301516 462.65043382866594 144.6048367737156 251.19277059829716 476.27157493904855 228.9810651806538 349.78602327719943 491.1645181864108 419.6711463592859 72.09564113509897 292.82418145115355 277.2547960994813 141.55500601550784 585.8907798127733 279.58585975724327 594.9521403424229 483.5990465059381 616.0952913990966 
93.50540543377475 447.51615692603997 243.94197920730795 521.0632348554616 167.59327697442922 72.550576704206 567.7667521272991 399.40056223384397 583.2387570731315 54.706824869440034 462.7231223316278 580.5189795111263 129.40095702564767 105.61160550078955 147.78535999057357 424.21075344239097 205.78164818581348 232.1124508279389 294.1387235784536 25.338366040862486 
503.5738427594292 563.9348563048569 366.68855363074164 569.7325807808662 547.3797712924306 461.84471422843893 24.78562012198587 437.3927729576494 331.89204055557246 77.41000227158493 490.7615306360881 499.0832894661099 36.93181140721502 485.4552474411892 544.8679819135948 402.4195071479942 154.43750764519785 460.3026190124708 555.2135501888549 193.53744884692688 
510.9980787136754 116.89345258206723 501.29178949064715 170.44055926560696 419.5244211532151 187.8838308035534 299.69435567087515 414.1175668197592 543.6527179094774 257.80802741815813 90.60304603433991 393.5250201721293 608.4734568509715 25.403659191408682 93.6542443464192 390.5283675265853 441.1798473780725 615.1921512027993 391.7697907317669 40.895279124319984 
575.2295529359848 109.40825728120348 551.5478958809653 237.43491561932876 601.6132303260705 421.372594190644 338.8077838021145 391.37700817804796 200.82375339509485 181.40068548998286 537.8820356918143 598.0844038064937 139.11995621362948 56.34242449731251 33.25006435266427 403.1928389317766 62.67848275052097 273.8456355668921 462.106794549751 415.2717512035229 
273.2276362691972 272.4375313507027 496.4600815512608 561.0997986647636 418.75680204167185 348.5177676042065 363.35074208000884 329.648909668866 182.89547518681843 521.3568976787321 161.78878803555364 500.87054610311384 606.5553018258868 387.19387908623867 284.99983109100236 605.3779809437709 25.4291072473021 283.52659074107476 406.575261935221 311.1183039956702 
356.9407350161193 34.68879421741374 239.11995321748606 483.12798813360416 20.239085104536652 99.80758256360095 23.991282190270184 412.46557343636374 322.83052813636147 494.23496905916465 60.72329810312078 460.4154848149856 97.4431866398448 205.54720795054064 534.7295218892881 314.05654499640326 322.7168714814703 575.2059063529636 51.87848483000708 599.2889078914186 
411.31248176984803 66.97440759586658 438.53549820843955 147.41335418779926 399.03464299125227 393.18330403356555 315.6644253620519 561.3565624387097 618.5611368560994 319.93883228981895 305.5833817692276 477.6360158553352 191.3731524277601 422.367915080725 279.9678797690328 470.15854699421294 21.479898601956076 210.99352658862495 407.69540166446126 91.94607773011884 
524.531451045946 400.33421258669864 511.1248775749453 500.88229295446877 75.91344966167016 440.82146463866366 189.40513672507396 465.5741496069082 311.41758673728316 185.1287661622198 517.4057683021715 97.42185666203679 564.0814347960232 310.0058532184563 478.8644382179374 404.9910622760511 470.79150513301147 464.71236097338397 42.34412919923507 116.78105805883888 
532.243251451819 267.14406341768444 338.594247725223 368.4828037315347 159.85169948502522 618.7459354053653 547.9093379271628 400.82026474033455 93.20658241349214 559.3054636444842 256.07898386988086 564.0692371254938 21.665631676139846 32.72018089077356 587.5229219631648 275.3469599913291 393.6797286413628 484.83293491394807 574.2048331633637 324.76658705813156 
147.44391094869496 164.42894248344936 368.91875177685347 476.5501082144596 246.46763053782718 348.48806394748595 261.54174380991856 261.1935735036478 253.65825270323558 462.7863352410802 206.84674250288015 204.77820599264942 527.5116268153165 418.9402420708108 522.4690911750095 291.5214124192455 574.0030698457742 438.9876881753444 365.6206229035292 405.66110372214945 
437.77307166542994 188.59936145651346 347.1452160835452 448.7674818715367 166.20095149349203 390.01412354460524 191.50919494633496 378.57561122721245 329.9605822414745 35.79239034317159 501.320679485721 565.4328459053295 133.65180105111148 474.48098159552745 434.9714550356331 612.4547845383875 600.1011086793932 189.28356348044187 55.99514855385482 335.48334558215254 
61.92578117943668 240.82994323211966 62.73548302073213 148.94100559314313 543.9546970169762 295.1384873134726 156.91824948634587 53.67462822742946 570.0999717787466 107.86493554882315 459.7210051033884 172.88286826986564 478.2730388886742 485.9318067491192 333.9339265728725 532.2208243136613 276.93879016087186 297.6317352910262 520.8058049881718 330.17566958955445 
226.90182140705485 52.29878666148072 250.16880372949998 94.80701950111226 81.91817788030397 520.6413909424111 332.43579999143867 72.9457966578594 271.7266939466236 616.8305533269025 591.064043354331 347.94541007728964 61.09345140632574 113.43735168042512 544.0788759862273 532.0787903003901 468.4631245212556 310.31311648785 393.25118977167233 29.67531613880437 
77.81108932741091 128.50637025509815 129.52254823830248 617.0911345651284 227.28990882677783 250.3100960497304 113.27154575953129 35.60680664645202 208.26404034549722 476.533103795289 38.01525590836801 243.34586596926084 458.32647052949943 222.08930093216125 536.1394889621442 122.30822692615784 81.89097674322602 220.99854218245977 435.25155397100184 186.6119354352048 
381.9539215082521 61.89292314621946 223.74942867419674 188.0373559245357 436.61914016662877 125.12212541117974 234.20087621488324 64.96719327572592 303.9798418168052 442.55162872961944 203.12650581474642 430.81637650334426 588.9510971179933 551.1476259322815 415.78021354113497 148.04529674148756 455.6468464218814 361.4422281450859 594.5211210274693 83.85053807343357 
518.8950599420868 411.97280938971426 39.37042592783433 93.62625849908466 398.4848269580628 30.789261418048678 279.34714338573247 428.290659089679 69.73913540395156 475.1228066958686 243.1763802856732 311.5707299168788 494.0070786059621 470.31025214450045 507.96390252050537 383.33931294470983 362.66922816702544 519.0672823819912 334.4307935053598 255.09817562082563 
338.2500125803167 102.20470636493758 147.30189711588483 573.7007732573535 526.2306841082036 241.88126064289187 69.44183881129239 539.4085951034721 461.15676268204453 48.48684289334102 268.3323225902461 574.3746783226618 240.6337137029791 22.24981024161721 23.484537773245577 187.6481713657336 390.8044489857971 430.66220262269235 373.38027044152346 432.79357118571085 
596.9025999510075 32.81646757468633 350.5357725731812 104.21855601880763 582.4752104217195 571.7477925902004 363.28170207463296 168.30399794444082 570.8685790833911 405.87527719848254 32.85327168470207 475.42997413050705 112.57104648455208 400.63619842603117 144.38420158138604 548.9915442611469 212.00651475108376 351.4067672115348 520.3981353413606 197.49802811660612 
37.372329489275494 358.803312028019 175.39147618045521 45.84949268788797 47.11537016476782 127.45755103865197 260.1011913664627 431.8842766731235 116.6400901913105 109.35981304315888 254.05151938077228 264.29126620870096 598.8422770205254 162.86372101979873 214.97314113123417 587.9805932198884 602.0620991230144 548.4464712111053 443.68870061891397 353.00666246897106 
519.0505364874325 32.317993570578835 273.0583928233358 233.13716527459198 390.54261400637245 418.973175692362 239.57937456877227 490.1617758739443 237.03129744721673 583.7805925032799 46.232666962346144 30.034425329967167 242.3359497040763 426.70164220733034 475.1714705693922 346.94273719648504 22.558889634240845 518.2338660381315 158.84439651395493 201.3985511358796 
564.0238125944601 158.67198127049957 468.14766430997213 28.443105291190058 563.7900843670577 321.780722441396 126.19973831858289 422.0607901961862 56.33627867089033 103.97292635410265 306.33235975979295 191.89512102123047 360.0069744175033 50.0867546501882 322.89154005125255 238.3606129507096 326.8165897091936 76.85585162133968 173.442476872728 442.2446222322468 
429.2036563016086 265.16607623576795 540.9719006144926 314.8924219510793 567.3297809141682 342.1925658181245 614.6818528413545 505.06977623548903 430.51662111501554 424.51103410819223 237.96848042646863 608.5962506542294 596.4148762946268 343.2767973867346 442.17954747330964 276.8435180414927 301.4989477902124 422.5655610338665 174.7447001851389 570.1919824469752 
566.4810049244894 131.9694557379852 380.27179788003394 252.53973457742677 510.2382496017561 184.5422976060952 343.20352859509575 472.9574967033704 35.84714751728475 601.1876552708795 150.6277074145229 230.58326194333796 22.31828004216772 612.5835239017681 483.8351228076453 568.8504870649876 305.62570553903737 419.73747978799605 97.21879849818671 195.14350348231216 
82.62441711556801 184.2657801247771 493.10817405262964 171.9739742958641 121.44981686362122 169.49050965835278 451.13221923044773 75.77198605928741 311.99278912059276 103.44821646929708 420.70501657652045 569.3857416998786 40.04432409326178 184.90404467252492 335.2277155397822 484.3834745689066 618.7031983847783 303.4648107837315 356.6004954164358 59.251313120950314 
160.6406771761342 194.88516117081272 408.6383644058598 529.5809799485376 224.8158384800701 402.66018134407227 507.98454383624755 616.3408356242746 521.2353903414471 466.9984648636628 451.1150726231288 208.32439694590755 107.35163951656489 512.2692584872268 566.0285732427918 84.86962098943859 259.692388628139 554.0175527553861 587.2147829913171 474.9430532732977 
154.31650526503898 396.640685464211 462.49558170486785 198.6824935369098 39.68899813802698 142.8203763961535 450.3324728694701 87.49181699077846 335.5691783577106 285.8039351021602 416.19397660467575 128.7818593512809 241.50581694187144 505.62818012683704 186.5769138010848 331.45107951321864 188.53297049569818 40.380200389691325 569.2752142397055 458.1995550157981 
617.6602118285 253.58826912655542 598.4900804516324 520.770475660269 518.7511207347122 568.8370455745668 513.3751535570664 484.21237304016194 513.3836062998798 92.70055808908992 328.61047260902194 176.25631839757878 415.2860008960503 597.0868133033141 205.59912849060242 547.9014383251853 551.9425374603968 82.0878155915529 582.8800328522724 381.3028063837739 
80.96202952209593 490.42868498478873 174.35087748159677 91.0552434393299 84.80346838929616 494.6096533291405 293.8948878761579 414.96694620866793 177.452343550153 227.8346670689297 115.0050753732045 140.41651705070814 306.64131576315003 579.8203630339823 23.999855357299342 162.3873100221116 385.20919641217785 228.5791679645803 375.4237224884733 319.27276011165833 
135.1917419021829 329.2703283868369 508.22667612856594 202.54643632850164 478.238185378421 531.2124204062326 31.31627019254513 286.3906151987859 155.9472067701071 144.15137401985228 337.07596719143845 473.3770572312312 613.7160801572118 424.8775749261071 251.44346058729707 502.29387678348866 531.6967575757267 505.2857520970488 279.1429715622562 214.21202248698 
536.4525880270131 32.971629834459094 52.66491163086016 222.88538830212732 376.90958726874817 145.45887823123556 143.58702895642722 85.5780589506428 398.1957202246205 549.1500859494004 344.83050579654446 220.41259803807384 96.96230381526907 224.0958569704941 482.4448701286105 166.33312848243372 491.7809428737856 425.6752679617104 365.5155062752491 331.7768408708639 
392.2100041302602 404.28181920597257 432.78748005901775 128.1477464153827 200.1241795094923 414.1085046596143 604.5993783696141 534.1864755325557 26.901058789725866 332.1257898690424 398.7209546689261 87.32980907804101 60.058374625240404 358.3460651955156 518.6884099572317 448.1536672649218 462.9356388149809 218.46860894857588 273.23089061952146 33.99339081827556 
41.014007163644386 39.99866811040232 335.3820907897786 567.8349991617571 258.46803370287626 222.93432021271033 99.87066135159355 538.5711663113291 338.54320079282763 176.11502356180586 47.38318357284799 118.71577361550348 531.3527025874438 140.32550596237257 474.29341396319234 235.67058779224817 182.68765001568048 269.2488589024658 96.45163434797333 242.63807986411416 
187.43401829982676 289.36229512531355 585.6277735142016 585.273848505119 361.1903308195449 209.8698344113999 447.2021120704732 210.1726499898981 413.67986078868665 303.76507598309263 197.6972949909643 211.2816010766695 157.55089304831247 531.1182374186717 150.74540537088336 160.33441843372663 136.15894814237868 325.6810789339 470.08378363036593 117.40039058110573 
403.9248015521618 415.9033073023593 98.1735379191756 467.6418610205244 142.86177557279274 101.45458342205725 319.03421091212545 280.3738782921027 348.86631105155357 356.3453746420073 263.8886247435071 436.52002855942544 571.3654797555942 479.740968081267 618.2114542070603 520.5577622446348 39.91510037189763 165.56180111751863 138.77542927036325 223.0474404214835 
461.3423915984003 411.96445657011446 339.2887840854038 549.8384795432643 121.02670462969137 441.79655475059485 253.21778648898461 284.0465922257778 271.9122908479386 555.1196529771365 532.388094814826 96.89570382793323 544.8466604335101 584.8936663578864 289.95867319300726 453.51835032516266 463.838474294895 576.9167729181439 246.36194510338353 609.80847249437 
299.82849373995225 265.11432134669224 86.8040907022068 146.41996934110983 46.567579461924225 63.27068208450391 288.9191632182386 436.00521636035876 252.19530449537916 444.2977164933106 229.17064830563646 589.7869428540138 190.113060956809 328.13362154297977 126.5944501039388 579.5574101459268 402.74524757679023 49.3658113441456 132.47691448138505 381.1985844309501 
601.7825295971419 225.67180307140717 224.56156475785895 335.81702705173234 258.5006641626734 598.1715942599565 514.3785582446958 274.58732557984126 367.74880678503376 64.78557501687035 526.290293028482 503.39775720251646 219.2010289367192 477.69131460843505 356.8471688657385 93.39186921082717 559.4646896614994 125.97350289319868 173.0471774847775 73.49994972248508 
78.63959242499519 174.56028324410792 58.09292830061932 71.05389909150318 504.92151197714145 80.540118848627 563.2400843525986 496.57931867575553 340.8438659880734 157.95261231447594 274.3308547036829 318.8587342163312 24.751433623904266 212.14740705884236 51.60628118266857 426.3593905201263 51.09967677686345 114.80450547208463 351.3910238228069 521.1196643396703 
133.17349906103604 540.7101099820379 388.2445661623075 441.18769754451824 441.81920839454796 437.3814605907423 246.17237041668528 157.70598008347358 103.78340652072767 548.6346900730833 597.4909260401414 42.73574858252536 293.2525847001322 263.18914805742315 237.94029768186573 153.91481831905526 200.18709081144289 409.402174944579 196.6380221771344 432.04270994685066 
109.04334097043163 167.2280227543836 529.4680455157113 257.6867378863103 171.47796325674565 418.49456858006045 54.49845555011015 162.90286363985118 406.6275812548224 206.59173678671706 438.02179526354155 244.1650390614308 412.55801887599836 126.66519963826586 589.8117078897532 172.59682048845207 422.47684427449525 217.40928590012288 476.18954224239536 447.5988938283459 
89.30260070055773 475.5526805130375 609.4948975338866 489.9664569109892 532.1848969132826 264.13084935575284 422.5536511047923 120.5900589661167 328.5689061620876 235.6387140773199 86.7372829408018 320.8336155491177 285.3980037948756 341.15751548711535 282.2072862674762 520.683551931899 173.0483741337866 246.5495737676678 578.9384199853253 610.7625652944361 
155.58923173997474 226.81457554430443 237.11446259528117 424.3019542633459 600.9626262891024 159.70136876797503 585.4902636102646 385.16620729878207 104.67625713191973 389.6687211016784 486.313935387192 568.0234810812484 110.60336063893489 583.2890808813762 545.4027623280508 366.7559867350648 62.48314557737722 47.18891704122488 75.96677320240444 517.2037496371909 
169.7158172677177 129.61934179788562 374.77346860333324 370.33565783012887 221.04566129759695 476.75102610753146 419.24775210718656 261.94149277537906 429.72610684102335 264.78686582115284 44.100651026467816 374.9386920632774 243.76051305193906 78.98624314889223 606.0804774652235 240.3877210999741 204.8122811852839 260.69480180488824 495.4404044865645 173.3094859926471 
89.37825496172441 93.4731736416609 402.716148334828 89.39893734496032 515.8190431216162 549.4187137263165 399.40728895751784 298.72830165420913 350.8399539931176 266.77375766352594 441.15629080844764 22.533879915788905 399.01641294848514 379.91432847745443 452.0188053510562 329.1800065886225 608.957601747301 372.8129096756055 498.4189998485854 335.3941219382279 
379.7019179494137 277.0690911073529 511.38372184785607 268.8664838558358 300.93827502828765 85.60189646510479 365.6491500660175 538.3084319371029 210.64669384604738 603.0973799938012 74.23395119337944 507.06285955893475 603.752121184295 504.30545771888274 607.0721865199989 216.3607665048261 175.38525232741293 121.27953840669113 592.3003410566538 54.31742717782911 
432.3439223535211 430.6527541645482 508.7917235282236 116.76217659165951 256.3490442954741 262.0446643485111 328.53216734561954 555.9953804714877 52.6886185939322 298.6919421134089 117.43094701619232 163.5663815485545 467.8437607124555 391.39709161674216 53.16030812730442 183.16624319001326 609.6904009767546 256.88860239303915 68.61771758797346 99.72900645221684 
253.870348698193 581.6866470247788 79.6042814371074 500.83508053317496 469.92565627561925 502.5678314444875 105.3133877294042 56.51077328504271 250.7898188734328 184.72273295520367 340.2229547522127 213.51744318156815 79.22967831473699 568.7002046904969 185.98544490243916 150.22424810892034 114.83180371594328 307.23198043555993 201.90902000644823 88.15806625214145 
35.127016336006264 263.03135736488093 282.6238687719391 606.324452686935 514.4468535183958 288.65986165693124 121.52724755763631 154.39332764844065 474.10570625420866 159.55538396873206 368.60121597594366 310.843184090784 587.5024475962709 481.315881955714 41.19646099290442 282.1574702759174 273.735156812529 142.33198929823712 296.3764726725635 89.16707358634018 
163.32283250450175 232.8626597126241 223.41524618300434 236.6324853042903 569.627802397108 501.6473508109641 465.04272403732494 212.15945185259102 449.572521859961 371.14863041837975 26.03147058155946 110.54190234611859 287.24458956585255 482.5188130300263 577.7184306045922 229.62587301245432 483.9836589354726 291.38459395313487 317.0554831291393 233.78817809755145 
188.54406930373813 585.543203879751 388.78258414431883 231.12349864114998 450.92696039339756 145.66398438025308 229.31713334295932 260.4338935476251 133.47539451794216 520.0890367034058 340.95355084914866 234.11410482366225 162.82662113840655 34.82683990268367 554.9664799521044 133.02676422645743 56.31490537807613 309.83235209382235 592.2116867684841 399.4609938932408 
206.41879136913118 102.66762050343344 279.81822931141113 224.26829808944973 156.8466109555525 50.63638282120187 532.5656673749941 574.2694845155092 53.85387169785445 32.486681045156004 357.540077937594 356.02623961829516 606.3863481150171 420.7749390400872 290.66265196296683 62.07129751291541 38.64259504580066 45.985565231747245 23.684597069399675 395.6907777870519 
468.6496757723755 43.49954506794339 330.24208171283226 320.3526005010599 296.44578355531695 104.50599079184515 349.5650034686124 329.8745402450232 335.4635715746385 201.95030538360209 36.43332152822465 85.42586779909567 570.7079190997451 612.6126465836389 335.9746421183243 115.45620831355453 577.3218639463622 406.4106026635844 391.8969802426997 24.6453991520057 
583.134451395062 124.01967198088559 246.7502121109096 207.96807019148176 308.78435032885005 113.90540880923042 242.8101014210817 415.9667252525259 69.0127855987582 549.860930298843 482.17873125535385 67.32712344892278 368.71975807430914 300.1434905965834 254.69489842001335 554.8495916086754 577.3771237395441 369.3040360269833 492.24834222195113 340.9101157297198 
415.3924094141623 383.80325513917217 458.09148521289166 188.5048739144155 336.0170124563842 142.50812245744314 429.7426696517252 23.972161564315968 36.39263073465118 403.16241844797406 84.07414253330819 277.48509858800674 481.3296015172103 225.9253184167706 443.1791707950626 297.4092616284954 573.4109374521684 345.0713763891521 589.611472494515 384.61875176234645 
153.015751698111 589.9460458596792 309.59107287785645 342.8644785788278 161.8559274330932 526.2703093320061 172.77022263784664 191.28845272320942 553.6197282724469 38.88804444749206 307.15308047944484 435.1778722828289 285.31598577614403 327.05017694933025 477.76295375368295 41.052656519264644 272.91286008949817 533.329082878142 27.6508931554774 612.1802167955805 
144.8646802578412 377.2572321312616 589.839305605795 210.61131042696186 177.12076638164442 114.78354025201064 228.794412606306 21.830476731064756 143.20994131839512 94.64149657710935 220.02119583519928 408.11515581625173 162.99441505062765 532.7225937230513 226.37475114960725 246.69694021020587 383.68695953279575 475.5488538483397 379.6816346487874 398.81882293863515 
76.72490961488651 473.93829406714514 126.26497444201219 305.7822453140756 484.094903385115 437.95696104839345 44.967302814227324 258.0776158195289 297.7020539917943 494.25131906131526 396.2645024538208 433.6920273510187 405.3772919431317 216.854858429929 511.0649689570575 551.6881079543551 487.11663700027196 152.56245384763182 277.7874592694446 537.1474149254602 
195.1461878361709 111.96641551029268 336.3115718163891 343.57251751591326 401.4064857576073 247.24790109982104 137.3945559711803 228.84118258341883 146.0501166588391 287.81741252953685 376.1480613365307 530.8066877294517 70.54622985595267 254.8982377082932 258.1688687045313 138.6377343783086 468.98572621170314 126.14644053527186 606.9170298869742 205.99198981016974 
241.18089701790632 271.4012370306623 570.9353554628838 602.1167887169295 181.15321687134875 430.65956197982 439.5040397334274 146.970875771902 384.60315694689444 555.3683644827745 425.3239908921336 426.460867303658 308.9555207380793 384.12869159653917 422.82277639999404 533.8862107470865 569.5743966566379 173.90499564408105 500.67683650999544 233.68643172064506 
305.7411625060279 357.833710966359 237.1438625196136 393.584308822095 299.9895065802956 450.7245043988477 556.7987647080488 481.21887775039386 584.3910389841456 73.348392770453 477.26747969425537 271.3618288501178 617.385444514513 316.6059841847406 524.5518678289586 459.8112488599201 64.7487372884572 216.6700229703371 125.53974919103584 30.05629331313984 
168.29348352105686 62.1957409295864 436.29378924733476 368.8066375540537 435.8947359224058 604.692779029923 214.7128223004269 476.4804403393816 536.4353181296253 593.1526068501387 96.1596322374047 168.74445788216647 33.264359105185086 604.0248954719665 180.64869376760038 115.20028817679827 139.7627919133681 287.6369275913546 590.1877372001451 311.3102895849859 
430.6094172928342 302.1495228915919 404.8668858184039 529.6569791778636 392.34151018767056 556.1433434055889 136.28912608419398 446.62970962389016 246.80358306592623 330.9293743042123 446.93575691080935 290.6323362404117 431.0780740816496 603.6772436722969 174.06077046273796 607.9056417061096 467.4916767274365 42.45512753540366 466.70763637750986 492.05820770046034 
507.2911818515193 294.27511380531917 394.4425536262703 373.39960378544316 581.5824637497875 337.2375702416898 136.39763743816846 614.1695157403956 543.1263873294545 617.868510797192 409.2180116278401 505.7566434321177 232.58540663555755 44.7434562697983 142.50633186560293 614.0011021898347 152.81463620735818 259.49179704058787 560.3587951662632 168.67405494910565 
84.79103591572506 556.2751582910075 577.5860493774418 543.2283225453339 428.7745935665774 570.8337173635042 369.2129551253071 220.9138111796753 404.29515933252054 410.194085418145 121.85099397823276 393.35133009441364 592.5586777169481 44.132609171827134 325.5368416624774 287.6587770613996 54.86672592260136 529.487762987226 514.6311370188671 468.22318872469936 
610.642840578306 188.41542898355308 116.37093424213883 109.21266469348797 408.6595908697098 611.6807756694075 415.6697930960048 183.9216668966828 475.0601258969001 308.0805461808374 194.7592136926637 67.04370756569921 71.76783690999125 171.08939062897517 556.2649905502097 395.9648603015994 48.877974004271366 83.82420116185577 388.3125099113987 587.172156766848 
524.6249696847051 333.41992778258987 80.25455162617578 553.8704420387452 376.51921500406826 55.91083799885282 47.61539159365962 120.90143377001593 177.24690210371057 82.71091739292598 574.8449851130559 583.0588308848775 158.92695155247347 309.7870657332179 34.4769600839701 402.89313201944515 539.3185354947464 460.61898688217684 91.28410652827624 594.0999602609645 
293.57303171890436 64.03941371047695 250.02529253968888 86.58565721274425 205.12421917045342 218.048481335772 255.37732773030507 519.3038490619617 579.3103577961446 260.695903306942 202.64569086921762 456.95674320686686 353.3219498323386 619.1248847515342 367.84782606675117 576.6549609385687 286.0689640046826 457.87127958582676 515.7626783302608 120.62959767870483 
461.561225875063 497.5119392162624 394.5403740107211 461.09025815365044 489.3957513325488 524.7559699380529 275.465676732912 573.3228965873645 135.94477563812256 465.0725201242706 546.468967866234 563.1210528313381 69.83813432050535 238.94897087342304 117.9785832946371 144.64445309454192 155.3339405578533 372.87328978962273 149.70817060607675 114.79852595870267 
77.17118405019433 86.13422933837063 556.972911871026 20.228690583096004 30.497878622648194 524.5331160410203 305.1282090752326 363.02313318707473 559.4688261287865 562.1010237096497 50.72480701635079 441.21783483720515 178.10644060989225 341.9151440406326 437.9738389709302 470.19761580106194 357.01854381728435 277.107884018085 309.11580123382765 581.0868566765422 
609.5668755668061 183.16274037393958 437.2869820696608 242.2238448430312 161.07995734139226 362.5904045599025 540.4772662417505 599.8121963369084 34.704244835794576 613.0791171856077 285.17301500175677 383.8434313378287 137.48709610067098 480.21275667065987 138.2786610735083 175.38419360140247 480.28556697603983 25.85069447592772 475.91096438338997 581.3220087404253 
215.0944755346862 533.2629150728233 507.6595188969578 412.6632817966563 323.3877874586567 520.1143033758264 524.9073087926481 512.4773083058891 339.0668579467449 580.391736377789 331.80514126071387 429.5799858872688 39.60938091042897 126.36796664989878 67.49357087397308 484.05103185203745 389.01280010323154 451.6956528138871 178.16612940745716 320.6785503248553 
566.1258407159849 486.72568111055625 447.56770404130856 196.42439227466213 61.96201890098343 567.1432359902227 544.5216051327674 598.0044693429596 579.5888190499464 287.0156520904404 496.079251428216 135.67743357404038 220.18631135215136 57.34544741207431 244.88617036331058 209.33562912518818 188.86898439428134 541.2225834701328 599.3580669785858 492.9921080409869 
603.8644535696396 286.6696249216782 235.26065462821325 33.75728089363308 542.642842410013 428.2734287048278 357.2870680645212 311.39914189488763 208.59069877351573 278.6972900010201 579.2265923090965 154.58073315887697 251.82298819183816 181.16713482142418 331.31847871924276 159.86857761500474 27.72708442476131 544.0256373558343 453.3844877832966 209.6058391275014 
326.8323934026768 528.4479457622438 382.33404181229054 234.74407790167214 59.5994724904436 610.4127917174279 292.6357298794732 118.72713174560232 529.7222857236707 188.02263611429115 298.348775483926 188.52106726330476 479.53736307344167 155.2668363326809 375.3084015147667 288.88384330677644 41.13379496321242 113.32130418514126 612.0586538183472 385.96849218214976 
76.75740541080538 440.47858184978054 348.12668500016184 396.35354587402463 342.103397117447 391.8020775829742 308.23193012376936 87.59443678724462 56.090700118063815 349.59807112934504 591.0241804087947 46.38964944403577 410.712125089805 295.7994586095085 120.94423245947357 60.455428631692115 304.5538882091324 527.3548155105854 321.8008017310718 410.2026013916586 
133.5783985480734 585.7165195722046 320.6574805836548 316.3095463329608 422.7638793703261 321.52185640982174 540.6235682113385 539.2847916649096 232.19476349164535 565.5606932058828 491.14241421569784 477.11319943610954 421.1964474762416 427.1235047298602 114.3710718190256 57.079302311316155 204.10829565979128 390.8235381833665 396.2450142448266 67.86173696212745 
181.28851900392524 132.9868608982387 300.821687909499 127.99232699200878 578.9447616582651 528.704019269268 436.49657995666394 236.773755001288 381.3841766970669 270.637066360514 612.685596129839 603.7493990643625 189.27654227459502 470.6757089186202 195.56757403641123 602.8192151102254 387.5244991796262 165.53633570241854 121.4804819294459 247.09533435586994 
156.33430457101335 597.3976465697991 176.5652755817829 530.5912081098445 609.0810979380915 290.66668446427065 301.25102149348464 332.83790204029384 490.5624004032836 295.9689763311424 428.1750846635031 332.52154656834614 619.2334097869006 122.45650910982877 112.1321277474267 526.2353353748051 407.0181031241338 429.52738541300863 560.6456795990413 298.4401546769314 
540.2897224652816 499.0507911618249 423.7559619030368 538.727463251039 255.61444554283355 259.1911421395973 251.6178257739091 252.47806329320218 593.8519914800416 580.9250998477626 78.50255408361369 61.010717369925274 566.2069228914665 518.3451135201431 541.7970371761974 537.314256021421 315.82437219838334 513.8434424298109 94.5944398301832 273.45683175600834 
308.52393115779853 339.2702929929054 220.46985371588676 525.766281393009 136.26553424597094 494.15969846824305 109.03476263579773 33.87521225951846 66.94092737369293 332.1172272622604 200.8640517236683 359.724537269968 224.08467327363172 136.46287494687985 560.3893387166083 242.61927555953025 230.09831632942456 116.2231857667033 585.3524076496627 216.43037499272123 
496.581358673488 243.56620461228277 111.41234874358368 485.0362704002412 495.3631575912059 203.77302360392858 320.5003681195574 402.0979204543617 293.8290160788459 78.83980589474744 611.5158398191575 251.2610683283387 388.13459894461096 135.80379602751748 341.9573983603967 172.8796076309592 417.90225475421244 40.88728439071012 99.08292594009636 233.35356183323884 
495.992987090064 370.55319157045767 309.19203134776654 383.1755899708146 36.94791917603593 440.56594957113555 543.6248255273872 399.77987105587493 517.6928567560703 424.151627333302 30.070809899351808 61.28675695141344 154.09986927451837 280.35083000016965 27.781543798163582 547.2373545956849 426.9995255389388 163.65820760264364 475.2808490236187 412.41153014766235 
141.2375295696337 536.0424468309217 269.1663653825618 29.823205368729827 251.3695939823352 352.4402552272639 482.596166045116 348.98654162942273 237.588202731005 240.81833216733057 382.0541169523706 565.5470025558564 565.4750782054181 347.8968225536523 250.98786344301482 48.37085941221373 113.1730715657179 71.62827888106986 578.9131238655524 420.1868575426867 
399.5712778975689 451.5257035936266 524.5779364151211 237.87409523721072 397.09701907417264 537.9333799980221 511.7809189411653 68.48938183920197 62.70855402330132 211.33443469202118 166.4368616295522 507.12828292183247 270.6821905780527 472.78874589561065 353.4837793606073 432.71337416090637 180.7876541391342 176.59487689274638 222.22498951581989 547.8033887001154 
425.4452666279714 326.2700647138803 118.69994417368729 598.5172847861019 249.4589384799475 204.94160799098185 373.67766409939867 420.6666368371597 285.91850480532526 361.2438405774369 524.8665347612641 108.19040801544078 601.8652877677524 21.814057216280872 81.9340390873391 149.98562816590368 597.3145548887028 51.481421386954864 292.9303973015245 131.22786978898102 
291.2287329760099 532.2424227797197 520.7097109043332 145.27515766891275 278.03497138892567 182.11674912502673 387.94247831959086 212.2492539985532 188.2809456302975 184.9772784077773 399.31306586121855 350.3877713383165 437.02255309282594 152.44789079088457 499.4961222407678 496.2611401866874 193.5373427761647 488.9629806216525 375.50539957045186 219.94807572494014 
255.95734421286892 381.08227396806996 62.009027196872914 131.2632262966709 464.4150703647297 582.1547918254025 158.20475943471638 423.1308761725515 36.29647148620839 513.425720902369 514.8490155478457 548.1983538684702 357.1945923647677 352.67980413952034 600.0335683231963 574.7829425715486 311.1576249981943 331.5152229754827 102.30344477504687 118.246109345086 
183.82518511463113 412.34152539915016 279.7099623802889 493.88861273845947 322.04643754018997 66.19543322269206 113.3925046154103 287.4604172317398 83.57406422275128 422.4682927198334 74.28291002198213 489.37912166254597 360.4274629883581 411.6389171276525 61.52616350798149 88.7506110178305 509.5193362417016 272.10545551625444 421.2110897681549 373.2856610898593 
474.1389995725756 142.21021980884572 104.00492975573437 331.2064244261479 429.88661865362934 208.55116257109722 570.2854509148783 501.23622755927727 38.6516373360716 31.673575254104485 201.36431564395667 366.76674652715167 144.22954721412557 220.23609737083657 125.39560456821351 340.29616501320584 293.1705253154408 174.74444982818832 516.5630536890352 334.2320021375152 
614.4538264377097 171.94684431373068 176.13992434010052 264.152522682352 541.5814701997392 610.9847904133085 354.01511419147334 180.62036760930908 210.68525684871983 392.3929707266339 119.27940588017006 275.64214330794925 318.24064742159595 151.0420442378269 138.46542127512964 559.8677728359902 571.9813411366036 614.117990093518 70.03526289173624 156.62341464620886 
618.6082510157675 305.2319191006925 133.70933446790036 508.87152407230866 281.8867240254685 565.7539427451503 163.23030880580282 145.19195694624878 294.7256933248305 214.46492422474674 401.15587347210715 600.8778292000787 58.83238986196638 116.61984881978407 44.274021295069524 40.2398485404945 515.5367077095318 283.5165889208894 498.2347084763291 476.21292592647376 
561.3785329848961 473.6637697443079 49.99145503082978 33.358742705073425 192.05213521672528 416.6414976439023 416.64689365693926 50.358112428184334 308.3012305166255 130.7487330457115 179.29579257638386 568.086737209403 67.35842649733708 355.53105650331156 60.4593751617825 499.36838092810143 613.5229131059837 270.28242661555146 153.7047524640407 326.49885797417403 
171.47002437724493 619.6150135810318 564.0431528765909 522.6349000736824 435.88650398252275 117.19047020243794 267.7006622307258 443.14144741037086 541.0253007456434 148.70670176335207 549.8553507839912 182.99122541759536 43.77333808085724 545.233661993546 328.93434393369284 246.31025627365534 103.82642774050555 547.99207114249 226.06486063897867 24.163215648899367 
594.564785239158 35.6687934834512 588.2726735655395 426.67219880097656 28.222928421283893 435.3624528731852 424.0219210590741 565.5627752741668 528.9477875781758 88.25333214362944 159.68999765281023 133.23101699856682 437.33887563641224 591.0910321325904 475.5712520495534 74.4252762270518 480.0639221404854 584.5937975490348 430.0031969318121 296.63651880519774 
388.1440833024325 409.8531955863485 30.20909812126971 515.290770165013 197.5023508881677 403.8379069576779 558.4505714452316 279.8377164661262 215.36877600468443 355.09045384751704 312.08396989469657 376.82893333866355 386.1365105374352 590.7104322286754 366.1144263601458 156.07964607066003 540.2621884247442 515.7182563230724 316.84107971984173 476.0077753261855 
159.80452881915363 175.89288877817756 115.18744344404517 514.243908486479 44.19484872544888 365.17751516371163 248.31059201143884 239.60608928106697 609.8333537542165 548.7468643481928 478.08279796573595 91.53303450872441 107.10465765221997 22.82982490590673 495.03963018488827 363.0696481635111 388.4067434652681 82.3812245167741 596.387980787984 533.4985267023598 
410.7866247698834 317.6964985056166 46.667982078417225 146.7111603665614 406.77687959631015 311.0629401397088 529.6624374106111 581.4127165186021 207.02644511926994 154.54134376773533 50.14758879807955 609.2539623852017 548.319787624478 559.97176471148 594.0789122053329 386.9843249267165 150.57779559419131 482.29715781953433 205.8057678117618 478.7194977022627 
96.43455065293831 527.2986230646993 290.908555956869 54.417784675699934 196.9833823312288 164.83600668332443 303.25222840672546 360.65848801381986 377.28619598550455 318.68771587835926 124.8498190620656 509.8163554782949 465.2397078198969 254.08324077450501 597.1297856333689 383.7258549086106 317.39236624167756 34.02245175361505 612.2009649841424 397.92884883305004 
565.305669491891 165.4752060918659 122.70878614625477 22.599521641574043 216.05374371967451 406.5550593355992 578.8765481788863 106.24033352333964 90.4547975644385 455.7608433251209 451.3254739301685 398.24275972538584 232.62823247779318 594.3799644178883 448.2674228690024 616.4063971102505 574.4713243627351 503.1468932477267 185.66381758393445 355.5104603195989 
488.6488668416736 24.250963322059988 618.9446626462318 483.0311824664042 213.68999124414822 389.78691850135925 294.8813668962297 418.09903090404964 84.78545974850276 387.7421076157217 32.207136091380136 239.78931110942338 253.87957077244678 86.61407471682368 189.5786603861234 520.8401452242961 132.65007586477913 289.75229569866246 29.47287699305548 132.8913580589171 
541.9701801379805 440.51765332313795 436.6125101437695 219.3381542841091 301.446146193357 249.3537098379273 599.5141910505885 481.8932581965933 142.62432770927816 263.86326640468894 413.7529181020945 476.95133272860176 579.4614163947483 352.9839690117117 115.5364945907837 167.8493446161601 319.65167036432416 26.35693735701375 204.1838696086398 129.1167683930181 
150.40464388606367 459.9819394475467 62.10097023512447 148.8091664845111 582.2676023009191 449.2528514720458 430.8478120725791 525.0191230049468 284.5859319588831 260.4674397832397 51.89083835175124 302.6580819438462 96.1955456860212 501.9048156266597 330.6338320979551 46.6030449928915 144.9409914887009 85.56463968489166 232.3215706276468 97.30160370298688 
559.6129654958117 500.6616014180985 368.40969650602716 404.9293998040857 207.8990217819067 369.96914745164537 581.9946657814165 388.19342132196255 43.94119348310137 410.10589905503457 90.89754714035365 413.8751880914505 399.0943580817994 66.85890730656922 396.9953048113967 43.20729241484896 299.47896739476363 246.63709211063752 520.3934327388947 341.17728140979784 
443.92196172955585 315.1489019033273 67.03367567271894 294.8525390203038 225.87969885023963 484.39779502311904 588.3304856481541 336.81984578117573 332.93649817029717 459.0894320608712 41.43010596412978 319.83346653453515 407.47257269912683 363.5440952292275 508.6859177229478 438.7655380659757 602.0953112582905 520.2083626464591 284.94388292515873 545.9523609898763 
413.4272766921749 400.8595759266132 391.231759415875 56.03050643224031 327.8451016363065 221.59695462739361 523.4459172058288 186.35636419230988 562.7626252162428 402.71307029123335 394.62938228962867 229.1030295202806 337.0523315408734 264.53948445715156 379.43505818392873 101.12803449295993 54.19873287639299 480.3601963236278 319.36765743064944 567.7060044089784 
531.7773694444742 157.4867089104379 297.39821729204084 486.2196602487777 160.85322519309352 567.5885873874474 140.54497775188833 165.90315374366892 28.892450530608052 97.37292949800145 559.0142144177039 289.7313662055575 189.7808739768037 540.7069301989435 580.4949966631831 394.5489475552568 414.54332336161366 603.276893389676 488.2014054912417 455.53288316317816 
306.3572519362743 40.87772533080017 421.2561054609903 271.0823068257901 413.45467661657057 202.42649061251282 546.0089973839404 494.22920891083817 123.50596395607512 98.79381940414048 456.8846360264271 306.66407538944765 273.07931460683926 468.5470552990228 415.3522244601608 81.46986091894415 555.7697366752967 261.6986061506958 585.6119005903323 130.65824675789437 
562.5910770988924 112.55356155817458 575.5911409142268 583.6019755975082 238.2251652017494 522.7501064515093 541.8448673996711 392.4568251705993 486.72146321130117 25.586530684862545 466.9532568798547 210.66715130304252 610.2413091866398 552.7286993644082 368.0106823916549 240.64862038345555 214.44016055155356 374.3915826526226 144.7998886720222 496.7420038015131 
164.08195497544193 134.08866060243844 326.2448625319914 279.5316498602734 322.47906385030717 249.04293140293322 323.73629915719965 407.6225101832739 358.35166453436807 497.3533788231573 549.9233351608509 502.96934953282073 453.70034188662055 163.01043501079596 511.56547178974847 575.8520384119698 96.28558880069856 259.85442407237093 135.03811324017528 105.59051713349079 
490.3080117920128 505.57054494341855 333.08582676852694 563.093272613781 68.88297840174411 66.81428509803445 171.4168076680063 71.33305515582094 341.9034096536582 446.56092642423425 143.7324903933934 249.84366306809417 462.884512441847 34.77287835232673 213.7858649011241 439.33135698067093 448.3842936661619 593.47879907609 33.06245289773482 252.49485240478728 
133.5933335987118 497.35781527085356 492.6775254156479 347.1475552151298 297.6878882859554 100.92315430579498 518.0834046506484 467.7357159099075 542.5398297622017 353.39841441793675 565.1805700608234 551.3464489598687 58.37740000173149 532.380612501567 426.4263356653939 44.299163461240525 359.99019350803724 517.3834987311207 105.53481407286232 325.4142307043453 
227.07255457376917 574.3550496834797 69.36192970655611 282.05274332690595 232.29871023256734 172.26283928410146 335.5693174563965 435.02091003184864 190.72372211835665 502.8409891365613 404.6606322965113 558.432998653146 614.1038062410502 524.592500377931 394.9843609073756 490.6265280116972 203.72984014368504 502.1407356748033 289.29651332060354 182.2234559419029 
165.3678254970053 162.02376856576606 351.4772275105471 577.4311041640648 479.9000674819879 336.0253017099117 521.9949018792885 474.67655397222154 413.2606378506499 313.1360008872864 350.7116337493237 262.6683383491736 99.259245113849 71.23898654400077 575.6237263320211 177.97913318586566 178.8868418179554 509.61308385874713 406.1309841716248 80.2430809919017 
229.69702530387792 353.34781005190655 319.42860870671626 91.06180293188315 468.8568614236653 550.7636954436441 528.6153468936803 392.71248670518315 563.4608255099475 134.93166217231914 431.1117358265272 432.7520390486228 331.7017538239906 70.38535659294665 295.98218123423476 330.61101671509306 68.49246848519317 556.1201100932076 598.7544848021976 232.27097155006794 
179.1317411200289 205.97216059618958 562.3308398308927 109.11912468472691 554.60860245009 277.4721537041788 612.5837447754596 247.07396523449987 272.13845295086094 470.2663098835268 407.23078712407914 422.07568405140216 154.52490580495572 565.1995046326768 446.58202879079454 108.0349619230512 71.94107209130513 125.15336640142989 424.7536012638377 413.33419711031894 
419.7239914462606 28.73381354711733 229.94138920659788 191.97454409501498 555.776038837506 157.90124685447213 52.34863874006233 525.4627992557236 331.16703303848703 310.63749256943544 408.36092653937993 121.53176909374125 197.53065839717962 159.74302986842116 39.56260760532224 325.7878840359898 324.8492518223363 228.85840548829904 595.1882180764294 192.37976049207572 
513.2203475339638 606.8034543752362 156.60276765833274 609.7815948917768 432.19905385291133 271.32820672591566 412.4044382691749 27.784971680721785 471.3097216315489 43.369140512407796 242.74385146538827 481.79300923367833 35.320947307976574 342.9045302241103 221.45313961480454 160.51035860798976 467.87734783400236 67.50268949883221 94.57893420752345 513.123108736679 
137.08219963316066 64.65683602469493 243.9129309546092 242.0621085134112 566.624329665178 419.0003361517913 294.1137472040379 277.4434866775841 46.04331946071983 125.49607100632123 172.01379837919004 179.28028675343725 503.7265756057125 69.6935876688276 76.7050296687164 163.55876102298706 176.23213531409692 186.14804095980583 168.99722520272456 298.27314690936345 
557.5308544456223 416.0943614065441 338.84250295634655 565.5127960857841 461.76180637440143 235.4705878792418 559.3200618324591 235.69516229200977 583.0945971793653 74.38410892429994 85.77453435476082 550.0386656950122 86.29240321059515 299.11445176949206 508.70208741889894 457.3689263646525 511.56940521023284 177.74650160970728 418.9776737066835 501.3523534086629 
27.336411630902063 600.5278572031996 194.0174465709778 104.25066727435029 214.42842132626296 76.04397739927003 163.46988851779878 43.29017635842343 315.40785120140737 74.3050168522934 163.02965268217213 465.73959553873493 232.5372639343368 537.8380189540621 234.96751096208305 538.7900087222718 108.01519171612703 131.87818989577374 583.9705557285619 580.3309820702543 
70.06894029485412 354.75311411661244 246.8860174838089 466.71624671039376 278.49807208889723 179.55356799502653 84.96285879644168 263.6130067710024 353.2623140738945 448.1846087553702 257.18444877124006 176.02846589059075 419.70765626419325 188.89094860353072 483.2865186156089 63.60728382082175 154.02439990411386 178.3500898985337 155.05371597117735 117.29390943397883 
162.53085413464578 419.427101733645 304.4888736361364 243.45323800226288 578.3764715433314 555.6847953659094 587.448502571713 51.54367764087469 309.25822418096993 393.7429508798771 191.33842365270695 291.4361219560295 519.7438003465238 254.58052686804447 325.4630793479258 136.4726858020951 481.7956159488378 424.8743758736586 102.62255154915425 458.35892917676466 
477.0891894541172 329.4684376115458 570.5507328571778 589.9833501625346 184.71965518070425 596.0669282422668 601.7887624801145 222.25787641374805 337.89031710761975 533.2455647704832 300.5870175903847 231.0730601015495 583.1768346741259 492.87420426203823 135.4298741135812 580.4617996933289 425.96077733388864 138.04507553143833 355.7766931984621 198.06535159352936 
95.62650143921353 587.5999606424924 601.612840539628 268.995209153236 114.11482246837745 558.3502937674257 364.404556900319 544.1848847666696 301.427476404668 176.08399519310674 508.05137524819025 609.3250697439928 301.67594609816445 476.45245816685167 208.42982685557496 210.4761227419308 263.2685078380723 566.8318505872733 20.122270357892805 82.45146425962812 
456.829194666052 570.2522162878615 328.92442965952347 76.06581457019848 564.4424556624306 22.488148998455685 198.72555961741853 530.3418481250399 123.81719432469293 143.40492159330003 571.3549460911788 385.7691615682375 560.9641217323335 553.6536961893465 327.9883508358333 84.70916863126202 394.9799064517882 357.8096127668781 270.70838051729714 55.03978775284635 
548.532043464484 465.04647575343097 232.81239479709197 123.13362957156467 247.63823252576148 568.4418228320443 476.4616332529671 552.2634294365921 144.33382613948973 554.0061803514359 86.26552029882808 152.52838291033407 45.82131189971848 60.530061611364744 217.39469823050922 258.3954020996566 383.6953580917443 261.34267780366827 406.81668050557016 119.94871386094192 
506.83749012194977 89.07604752233796 306.24770667609243 603.9417864232626 231.57369868102685 274.5281125249039 145.41482966345512 250.7452334626646 432.6891947314382 520.7188094090461 584.2216156283894 283.2844094806035 408.89375080452686 483.23278088262356 362.41153629912276 514.0606271514692 106.3314547778205 377.9423588963061 505.3226798800719 46.349482504478395 
433.7287134789464 187.20481177103738 594.3273463138361 615.6702677787022 452.77416688381214 185.6272774831411 360.55072075318867 367.62011427869925 577.324238496759 256.4935227607933 210.4618557396932 218.1665634375778 65.02818384602102 419.945909921539 441.93109783111316 92.49249004690022 34.966313508364195 344.0165635830798 259.3475870352453 288.4869551608499 
594.8950871933476 559.6014186903509 246.39044176158748 560.9758187567596 611.6929922295467 450.4708335370766 105.04763762808254 472.78584612161035 408.6007375802895 239.41059674631978 419.4761168384254 508.7360531099839 22.84975272716814 541.5870700027423 553.2969800049831 598.6500823576059 207.27254490061992 406.23024632725935 538.9194714764021 45.483297481433695 
309.4887207115551 317.72829134322086 567.4875698118157 604.6583471172903 512.2605609394543 577.2275842532631 238.04281846480345 210.703051228889 468.6115745513015 35.83186620910111 474.4972664335466 397.2841961363604 315.30222916081334 300.49417751727697 369.010176292071 206.73115775335026 598.2561633029229 283.69548193577845 560.3623559479764 535.1429260697577 
193.53097491496817 318.00370867837484 305.9217313084104 409.17247272092095 457.4270299803426 406.6067482833667 155.7939849072444 440.58208385415423 589.3284438405849 130.91352188390533 87.75207884088917 54.66336320497969 540.8694869066885 86.31654827786791 511.53821437445555 438.6158628700833 355.020598568044 67.20988246528484 501.132211968587 105.97784552366439 
568.6875605431361 172.35624791230998 363.57988644041245 123.20313109385842 62.41749938034758 351.69694563708674 202.97524454675306 194.4775987011286 490.8056940360856 65.69851883869177 88.19026298731401 550.8692924049567 177.196800124053 478.3295907616221 382.9459087131054 139.9056434462005 106.2741493681479 354.7620288605924 346.818342822107 361.6718424680676 
398.13113371381843 384.88985742845637 465.77376876174367 347.5237805257567 597.4181582867682 203.75980800146587 320.82599576028923 527.5096773043351 461.1590877172217 130.00727392150628 153.41021843990092 182.59379300316223 478.83084436223163 593.391375085238 36.066828723545456 27.7762126663238 308.3000158890105 172.52284114525386 307.0291946123093 22.202398930729554 
61.20995640818437 513.8786382402532 477.30875255877754 152.3561845766031 521.4125828367728 153.1968016501804 568.8716743484036 84.4300126107261 330.03816739551166 210.3455559155242 592.500361337238 331.9662249072692 320.7970999325558 78.760162464981 23.933915199230054 534.8630685557707 139.10738142405927 380.5414824133638 486.88105707854095 195.83918964865958 
28.641504948937182 608.3099136210315 601.4994252530117 170.45035965380282 418.88653466213776 24.90834545989294 306.9348796664163 356.7522353969143 497.31115976313566 342.0481167126939 316.51467638041964 580.7028575661698 99.7333417589942 448.99150829193104 514.1881358335218 423.39864853072953 402.48247059950836 612.3646176243009 50.8086545468617 486.2375741523775 
249.94968821690992 118.19440119688664 248.8507512193904 540.1034226069587 101.1201207040618 77.2635488267068 174.15599238193474 354.66481572099207 528.6808073037247 464.8769627387829 83.30134997186425 153.88259738610265 354.29810767595757 416.13364359515015 505.1840282228634 193.81957665486817 253.65818339125815 147.79771632683327 465.4161647100225 308.846283491769 
414.8645720449653 27.862223567625094 312.1235099999779 422.33635268461893 183.78625771555096 263.89969223293934 351.7415846236282 167.94553810698963 579.9503321582465 31.292935639686895 453.4031093671217 117.56789684108482 516.5727800967322 412.4400564773117 530.5105786375551 62.06295312659623 508.32117455029925 68.02730525091422 158.08758961479555 140.84767221764207 
200.40307930976437 311.4635136374397 534.5027298906415 566.4469244732165 202.57388638501973 407.5699943043215 146.15983747241012 40.09605965687906 261.65788106714984 66.61943440657797 243.74817210161382 304.4897590390829 356.17610596580266 454.81778607046164 388.64659339675967 429.770280128506 46.67505359321309 592.3227213127944 478.075128308742 578.8495253763386 
565.3497633259136 559.8923909535351 607.5879205798506 348.1581077944188 478.5549991580078 285.25847965380575 479.50127997099 329.91559002131237 505.79849087874476 230.3169255980101 215.8504350278269 92.0153424684804 228.8097943888636 250.23039977028395 384.4689351382257 321.6179601521669 174.27859732625257 245.53616815376475 396.7843101220385 228.54695653439902 
103.8561732368885 378.35291771286074 585.9238124062051 54.5803655246969 95.01386857613078 573.7806388735847 223.7239617849354 84.73214430947058 346.35214249205126 377.5870336034225 85.23766864409974 306.61706627523034 590.9541464938872 391.27427805524917 319.33259753507167 213.99290281527158 151.37743101252357 55.62001567846327 133.97468555794535 200.5734625865559 
419.877582671811 503.7860387229383 554.7903925027556 140.2065596976989 297.45761620608613 355.088779908122 265.50153909409266 499.5103586953802 475.33671473632853 70.52505877183633 488.82649357202274 79.06197560510786 192.43214681067082 41.14699436473726 216.44129920415426 229.23212711047518 252.4482444943382 530.3797657334496 446.594766712312 336.759461257683 
434.1658909351232 341.37601115893017 237.97098562786218 128.15846458747797 578.5265849737546 230.50059676690688 538.3932472667104 486.0545030853569 386.1046161618872 438.039478421721 96.96296297811911 24.53997678880733 308.5611718879087 457.2264992791304 318.22739601477923 419.6451677941757 67.67416478314877 312.6817440913873 66.97002760674698 41.01754245486389 
485.53748140927985 369.355243466317 582.2170760733404 580.9033959674828 59.52335546287673 443.0699486870521 609.0542801282483 526.5253721498957 65.60182130778102 333.757363492446 406.8472819276652 471.9498583664916 323.6106694392894 452.47999035328496 442.45973442774954 415.53778393427075 308.06994462743256 163.3339999960639 527.0626250634106 539.0727191470709 
38.134636331128746 611.3261163065553 505.12866762347284 314.6598792474396 130.2792400322623 357.31835335270296 154.20555384756224 535.4900333014918 547.3080491878437 491.1343150271246 304.06170651339005 416.56177478476377 127.28486091965037 43.920984621396045 133.79836577291445 61.456033134994684 325.97586126218795 470.8594689632429 155.52172650197872 141.25671670364056 
556.3994669656884 325.3187987723987 143.168909248072 381.7109774417431 259.07684944184905 395.54620069242213 615.081442307677 404.722947518822 186.57681503101537 124.98783983622111 428.9200777509883 20.274907596992556 335.94903986976317 487.3335958240716 597.5147217434735 414.8691960468253 512.6390072021519 437.37978621526076 584.2430561129045 32.585100459096026 
59.47888234206805 608.8034852487602 486.53179691421974 94.84408097207775 34.34758819331125 479.9422132132611 466.07427869955234 54.97727619587969 470.0942047761336 578.6726935358071 334.3580107324472 33.68911958076025 500.3182730616179 447.48260937155123 552.0961576041522 431.51052080225014 284.60078234578134 39.828846677499115 51.156478732300606 464.33564117568875 
216.7795511048939 368.8761600231118 237.58161214464266 518.1359814235641 249.8628655005154 579.7100029304896 84.29443819381963 168.94527883680354 521.174964776336 166.1172041871514 372.08224320295017 64.20936577719745 411.3272868891551 203.0281559282095 487.4533873955823 411.5943300999098 520.6091306713096 615.7145659698695 135.96036251267128 371.3470892101225 
196.39143776051282 256.8362122032866 479.58285853351737 398.30183009147714 195.13757858218145 112.43054142433691 556.7646757294915 129.6262794988648 412.61484114986547 507.93901085421555 593.6981238192255 164.40140417472293 165.90025215899794 135.36365262820212 565.4498204500164 31.128429285468332 260.7746750087431 72.64790702900322 515.5214816002892 389.2567883482708 
228.09881869750623 516.3751645088753 292.4395580133398 260.82686155235683 462.76488317981426 298.87913827285996 111.96740413451762 38.32120068166721 548.817720999291 410.85935994584145 503.53377554754053 164.8179589622599 204.33911114533294 300.59601397307057 349.47137267454076 532.540398384866 429.6889847150739 470.85752397627203 275.6592133244895 395.8960810672826 
192.69737267183166 444.59478037955085 202.16250268076536 545.0995322703913 334.4007409380383 520.5157667440352 412.46393083401244 36.47227220512917 128.91650546558836 289.6342550784041 49.87988316676928 325.5136689680747 281.0495221617102 233.88645720433985 299.7555786326329 398.8367198493471 495.2242504359784 277.90920856673597 466.0326882916651 251.06216417665095 
299.3363003099546 115.07356709735429 500.78331950470357 202.76495894324196 557.117263020749 278.8675421025601 295.30403884768896 505.56670366792827 252.6063249536186 80.72164355885019 591.3636537457822 430.46781774711627 80.32274811917777 85.37111430829776 321.1986270540608 385.51318638711996 524.7326231330192 144.84854000797748 334.8497954107321 558.8851096691786 
262.6038929767035 362.20046239703265 223.43405548328457 533.5172216615712 271.84329936707667 506.02199918948327 296.9449795061561 269.32310237256354 580.4089952030142 146.90307380469574 525.1759124716291 599.1335132091295 138.89260455665564 136.87988720469957 400.3594095545238 334.4357060439322 250.36443344509198 202.9856686740617 230.1166957724987 427.00891089909186 
141.07569778618966 175.9941813493124 319.31100199218145 582.5494389381832 405.6113063716239 525.4499522784065 49.39837434632196 272.37928672791764 210.0872306636931 422.0787609317439 213.8698782274144 39.332094203351005 86.98588749027985 98.67236041558179 118.37877157123971 343.90998914055143 105.22360667766466 30.540942957618228 304.1465730661227 146.80524656649146 
149.04373039496392 406.62737308941473 303.2416402344907 573.8803361432331 189.32905415168074 312.37667774369345 184.32404444172954 559.7003887741815 380.9276524308082 395.4546959917714 397.45055000390107 315.71152582937594 369.5854010379704 335.40962350832814 576.5333726906126 419.1589436567922 342.0793956112318 588.3701354416982 508.04648456146367 68.8385856969333 
503.14562754589383 27.873898772807397 24.573279013161425 603.775941710163 612.7950050201999 452.9202338368672 131.7891975728413 130.92590925206977 167.61114743149201 284.34057962875255 27.47331559896476 57.98742230920607 559.6240275176966 120.58066114697668 421.1423140817476 77.42653636133014 496.35288500333365 373.9879642233574 312.90090175971363 297.80174183772186 
115.61244581179122 158.69836691945486 340.10221756234074 568.4853159331038 578.6760450266463 151.21560893279874 150.41202278553763 393.87441769551435 475.38934342695006 294.77744362363575 209.87058404883123 583.1856603557429 124.82865152165486 168.60206022789956 604.545694342787 131.9269060438079 405.0972692761563 393.1087773293282 344.3708539149469 581.14014650219 
295.85386886717123 592.2064118721462 227.76224158709144 250.50899589423346 467.1664940618153 383.74345442734057 475.60823450155493 491.424833661012 598.286029213514 419.213495227082 93.22524547020173 56.105056469846986 459.93285899210736 43.80985733673504 268.87362251274703 28.857401211854143 543.6904243192864 297.9229842970215 467.42730376210704 515.5839724352901 
572.0994984447334 131.1745967203076 27.791146667049055 437.618851235457 373.04686628236163 250.0820891776583 222.65947714832905 525.9928251106224 552.0422264716805 370.44714162749466 89.20963011709394 162.21920074132962 545.9769590505446 395.5621105998122 489.32453216109826 461.6943688426577 191.95870784441425 591.3281699164477 407.9375747767553 345.8067567113793 
294.815183529926 179.37868122473398 248.09397647406794 98.84820865648625 226.86140022845126 519.3017685953789 31.3221101202273 55.82118406587127 343.5236308880363 601.0557696868868 361.9087032762788 217.23579988659304 348.4141914913909 318.67125609541176 363.67156223622976 136.99035314067115 491.45059415817366 146.33347867664463 147.82355317941506 379.42908650328474 
33.61287966590163 387.93889022548774 520.5217995995283 391.67091750194066 161.9328795641067 321.2195521262868 588.6954852043128 387.3029882408012 88.30924075780548 107.52918911808254 72.7463868522101 587.5326265686333 415.74178839132094 88.38460491033705 84.71559377518379 315.8915979463118 405.5790733195679 39.85613785697855 480.5103901325219 192.58638645383556 
529.3729526890893 505.90115999686196 444.78484208145363 24.588138323627234 238.93375934331218 81.73400809584588 117.06802617624946 137.55614502087613 238.1799041039635 68.32641705380979 617.7335162775613 245.6886288977968 90.37573933436228 469.13204547748694 582.4039897877501 305.5944089292231 144.35129984876332 250.1287748621301 63.384512279429586 150.27939284069228 
113.29769145894093 534.2728236880697 606.7185714393456 249.34156701375548 589.7320248541324 551.4580494211453 63.46024505123371 91.46820249190236 130.22541029567546 315.07444843063104 43.75652476594272 435.3290334084541 493.4879778776829 146.25955314906483 272.33343519232415 224.9592826220076 365.4045058903158 516.9363654486915 453.9796616031367 115.72602713022889 
