153.14756706551418 493.78795004019815 498.47648447607514 180.80298269708194 382.1311940933196 464.1353250446056 25.403082631083254 18.180090851703625 394.094481589377 419.03932067933147 259.2000477810282 489.69993582905767 22.019582056601752 489.05741731402503 90.58281356615338 455.34760068205384 458.0362513728336 73.63050496152744 13.036469812237264 261.67752736216585 
507.2141545010638 258.94527863918984 15.417290464293123 359.2761201450894 150.71183296276675 49.54793446384802 238.01244848681358 203.7022227237792 107.73549111765328 134.41209860936988 144.0111464857161 223.10838340265263 210.7607303534851 33.164310548525464 83.34025955933987 260.7462642736475 33.470354701655154 93.17004113687187 250.8175514955851 25.559112533208964 
335.8613136522401 433.18348127872486 165.57568375712543 209.06460884270155 15.974050970548706 54.26416741458583 423.7100820970758 51.73105186951487 382.697209804875 463.6635342837765 101.10385417001326 267.05007842735847 189.10094426102853 282.3846213891302 308.38275220021745 356.50911304630455 490.75190321734755 432.11798263929967 24.953459753705545 473.66652659894476 
18.46305832467442 122.25689521037147 464.0781855000582 120.53270898909246 379.9314084373843 482.69510709215 345.9388616370608 84.46024042036237 29.716825552204053 313.1101634814472 80.64383673190028 148.74613900834993 72.01504842388105 44.43539875083973 488.13046123478074 235.14941768251745 85.67795854927778 133.2238464967753 306.9164442428256 261.5271106807335 
285.93440173398284 234.60708361497595 368.65321958264775 122.79173808696108 462.2644328879835 124.55219757708291 440.43452388971053 328.3934543967186 256.88037764965094 467.1199040323631 361.81313045492857 454.53009170467817 473.26761456161506 147.42710449126017 228.47903464888785 194.28787783773748 229.23836336436213 16.01684788467366 499.5520533205855 413.91646098573455 
393.95149861513084 15.338929876395781 30.442145156940704 248.44087586681928 373.35155871394016 284.0441794042663 158.2304479275885 394.8139004404265 433.48008502832533 459.79558809637837 91.52412725966146 385.81179955802355 376.1123755169378 26.299447521894884 481.73839422023025 252.8765953654825 506.17284342293914 175.25956424113193 177.7584100967872 111.10800613357085 
455.3820170085718 278.9576989880168 290.9346703467339 324.608130000477 51.588389528288026 194.1633111254486 322.3646643373516 35.38213078686286 48.23817403827173 243.0758403883457 229.41397443883233 463.9978272787153 153.4361610638627 342.0025213732303 433.4301661601037 15.207543721328367 423.050767250331 373.4749963167481 395.6022268333824 346.73520860136335 
207.31633518277064 22.50769554494119 12.919101977575833 184.4318471187725 465.3859550397844 422.70120270689773 211.1800533188532 292.0026369647578 387.28779748621287 82.8937567138217 237.01019760870167 128.50857967529294 387.73814278790337 190.06396221082366 275.8343711755914 351.84600560515463 161.264263191835 509.18781207370307 147.76225839276157 451.40696106669986 
113.09016846595131 225.7531943408613 458.33811153747683 418.1236174472393 105.23851692833895 201.63502805080768 206.10802630129692 485.0998514320832 82.30162362900677 240.03409236198024 473.9580370967747 97.03313242181682 266.3348121345498 80.1826747988919 456.17603739831895 391.6297582374647 235.3252688216607 467.52024828764525 198.19071848211993 101.2167055872627 
324.6893220295174 270.04220969256914 50.94066218803655 407.75303580585506 416.25158437378116 236.52482618708487 466.82660597969766 409.44418566957467 304.1587650882348 117.32956000629711 389.2002357178447 482.16213222739543 452.1814975645388 493.48986203506234 112.34227482871749 443.87450440618437 81.85717894593895 284.7835190973523 113.88337801941316 55.286028935905165 
155.9271036154686 32.49376088466598 486.62069135427794 14.895089055466538 446.52075704931906 177.56223001575853 221.68332234864917 231.66879472073865 502.54068971166225 179.8368311756346 219.99977188381396 283.5395327652346 455.70085608804976 449.1178273216869 34.02051572014652 94.92622064633903 229.67172304967443 183.7049940139604 466.6488879951289 491.4832955575132 
341.7851108767144 337.1492333850356 279.3332272405092 415.28062901174667 111.75205250659297 58.91159664225281 386.27361984452585 208.61752906184688 216.84666786298976 79.63296388086826 36.696287175129726 499.6737930201262 158.00923079801498 136.71736362847645 112.14859738755439 348.20111812940115 326.321570789705 160.93221442690302 290.76807968300176 434.4579410812814 
484.3079161467362 69.72847459719193 455.47841086592325 199.59071953572894 101.51425753257963 137.98394896627923 348.0654874710533 470.664976132317 108.81945404499143 41.87274242626742 96.08677309980118 228.54903246549017 260.93114203661185 296.5641649842465 364.5670677647722 301.85371998664357 421.5195385274076 433.4539701401579 509.4336765404768 395.13111078932144 
210.44239683511327 387.6313020311629 234.64433666054478 484.53535779996815 77.5140386363472 191.28433376284892 379.9607499743441 239.14889222149714 492.27180576623124 193.74771532070628 91.32114323325546 251.1769597186922 64.19289694738394 153.89502582375434 250.7647142953741 483.2137543685789 32.814765118054694 175.57932988729834 167.86122653140555 465.78315049123074 
192.21222308949038 81.82490992211766 159.59896342310668 403.35726530711577 439.2843773229494 448.47339707164406 270.68384742633174 472.0559009652228 260.304444424197 142.9873465374003 11.203303893773322 217.23004300871838 95.18570798163722 339.1143943125808 113.60754374429887 84.13246009708257 143.91662191714138 103.11515655804325 435.9617674428753 239.8786975354752 
304.61819504114976 272.25798256356046 263.4220794619824 469.90135669337707 57.67689022381333 471.28365174808744 384.88856735973275 57.100986390871405 235.40605738975339 237.54319642240694 446.7883979755351 176.8966012691898 241.6890033630457 350.51189233913493 210.94220978987437 466.37898558582407 411.0569822656181 86.38266953396561 468.46685138943025 50.76993528656925 
321.65501205528204 243.44194450494317 486.6676892047542 435.3904962119619 501.54884933536124 408.9310554531253 490.87343387888893 296.3413252134463 92.82608390149248 63.09638731310162 308.16683136872854 328.0984667300213 162.9445920253037 241.13146887957043 424.9641495110529 431.2273922039281 477.78141052338304 98.71383446050335 335.3967353745197 148.41865821606768 
175.83519238014804 351.8401894081319 182.44760020657807 382.04816855544766 408.03530224773687 186.66265333183424 318.79639297826435 51.46530297109119 132.610798273209 360.0293931014476 39.32561130242661 473.21183449077216 379.47230269682325 336.4327733476631 362.2413921018861 372.3750135390081 423.55996669348485 432.0680199183527 360.76195804578987 58.277677408740395 
431.610580329906 61.7056618332275 172.32673803040788 422.70874469268193 271.797051736022 309.0808105256103 437.27936810778846 43.897076163341424 300.6932877367554 166.5023668250783 43.97781093065372 304.43187916847944 67.01765906447747 414.385411910146 182.28443876378918 56.332722712683406 496.6081531787757 236.40971249725882 332.38947831779245 491.47244832523353 
248.08229723103753 291.00766727578537 440.9208375440791 500.55586134572405 53.63514419026482 84.88465093230984 161.29331404094876 428.8575436069657 484.42811782027604 119.27498964165532 160.25058891451022 261.92175782830964 205.02228892148338 404.6366547531003 117.55287535910807 399.4277139184042 406.3087555928218 64.48783031812165 170.76345071240584 300.4231712258149 
231.38959934417863 374.08835550645114 182.08723554770128 408.1296283100673 133.8623468599323 204.6693875465831 329.2144362170826 387.5221077991556 232.961122396595 468.9141856546818 147.12252989199948 333.8867916313674 355.00765530845723 288.39330570867287 272.78949303085926 235.5595179727573 75.62513769442324 228.65721416488515 269.7716752548016 99.04836158050783 
202.16827919916057 72.6895699958338 34.599223286552615 269.7432753758968 260.8224235765917 228.42411981657688 411.9422296908028 106.41616773401196 177.82505542239977 491.02855556107346 270.50083517126654 292.71419581354724 469.2627293216403 505.65822399662164 416.5722989753851 193.84979472014174 378.89654492716323 401.3830858665779 347.24815812841 291.6901892989841 
28.46933805067924 191.9907059160175 470.19469493879814 356.44981521788486 269.9476479522397 164.3687721733762 41.969762716137495 138.188586126346 54.151679338737374 100.16992946802182 201.82908111011727 486.3191616056375 255.2263155319072 301.46233987512113 102.97525590272781 430.32649914740813 15.40622622779069 16.068870551747928 268.2023701665916 379.9025431273264 
299.5284727601403 483.2981763692765 421.8896884689659 227.69941224237465 473.7453525412138 445.7707156417488 175.29713849509182 262.90410601635597 347.89097127411145 98.04291792648405 67.11607079223762 428.83783479720654 245.95441499526643 67.73251611958763 86.22822550372271 82.78316148873593 294.11274604563044 149.8482580973374 428.6260305399496 41.242063165678516 
240.77695952477617 140.0270660054596 365.4474618042446 318.8279927812605 248.10400884245843 237.38181001849745 224.0785340411791 93.99512734726089 219.42798849308298 112.66279074831725 109.27648528711103 59.807886521061604 352.06365344814 362.43610084924603 116.26689112867955 442.9538297485696 229.9353893690829 194.98187431720748 412.7677307707998 99.20318353556839 
395.4847273540331 318.6157318660916 191.893667196924 218.5178872042547 465.3095434978234 128.13639735111286 122.89347029085684 298.0135539938401 478.988077956954 410.1026259843286 51.67391598340775 165.9772321366817 295.5409324254246 412.64269125826297 328.0630940184585 465.1442994388871 476.9840577784384 250.4994036847463 261.7664089729546 128.43743187621325 
223.42601372451892 241.0138225832385 333.9683449611395 505.3709015031064 49.16244144252179 391.75090597193616 416.53304396425233 422.3232373179613 14.221086923436534 385.470062355548 375.75690605174816 84.88153045947927 450.81034207049106 33.14381593542552 62.626376919261475 355.460227387397 249.1244140347481 290.72767942109266 316.5338888655025 64.39786006052967 
391.958421390541 60.38442734241111 234.40527337020828 137.7346126447546 52.58634508871406 121.86572620568363 82.19158531830728 449.87388691652717 195.3550694620803 164.75451928389833 350.6786607577094 434.331142148873 243.44764611202717 17.27096219693335 82.5673072576864 110.77287734751661 503.2688036091369 292.34537040186024 222.77746738170637 311.54914710808924 
159.9059438701707 296.6609710238751 368.9293325727837 15.922512489688113 283.1187338259598 173.36989407096365 423.95460267888666 325.1967175928928 408.31026874694146 374.18531094682834 277.790998801624 236.9481087215091 381.9332101388174 181.55290571073394 270.1131390140759 501.56297133214787 285.78371438758865 126.60486639557254 311.05292560918423 469.2839469372302 
379.63654389057365 273.59946634880373 161.86256460043884 460.9684928239795 126.67427743550334 466.54930742357317 502.47334005924137 320.7627665471197 491.16389608029834 258.74146262272836 37.90320813132957 433.89382727732425 322.8337767796221 370.85258629774324 20.46652330644965 117.78339067681375 267.4042470762365 148.36214382359591 189.7387345409502 419.68622682453196 
267.72488584015474 113.9667506205128 257.2294420385815 479.0564043346866 344.97153338381236 335.69899968633234 187.71680502607768 237.8443472565036 474.35636357431605 456.45365947698394 154.19642683319157 406.92803083356176 494.80389558931364 355.6245281665757 168.39787525182564 221.8812342817827 117.04630911341512 38.55497141091051 13.821990560960442 146.2821356862488 
219.5910114022248 474.5053216125038 233.2520386091839 305.765319912828 247.01363002110875 228.84022914085804 47.691850165654905 61.02027974380946 150.02962928020756 360.13916958310057 208.6841194153019 252.9396264198531 431.79756398533584 177.93305219241543 410.9619543803167 278.11999666519745 489.9071648009883 81.77032359918422 17.386766462066817 277.9190102141702 
68.50538432909298 327.31541882000687 473.12572972122854 349.27109727788485 260.0134529134095 190.18288284900237 411.02177415568354 310.46561329909946 120.88820365837432 123.2101601528831 75.1094218250769 180.090168467541 90.88060763887117 127.87229712310426 314.22943380687144 152.34239190328663 30.244886823147457 185.54151382839095 22.695513502859523 476.9132032668256 
314.3510302013565 219.2950056049423 29.96608270974126 276.6447781757804 50.15414397187983 181.97382279419693 66.27435734627988 461.16627646162186 103.97350225610495 491.1962003413308 56.16975787709382 19.710478668161937 255.0346435121335 157.02832340011096 116.92387760030591 101.31444825393348 414.2274498986119 73.01568086515059 263.7539805091744 415.6073760761124 
472.53341692341974 66.27816061525127 448.81737482950643 112.38868363989707 468.575315124017 427.37192290487826 185.92960041536514 423.19956776803247 389.74218661857486 265.6213882266808 137.95957121390555 473.09102964678203 46.343016110432835 160.62414138881275 168.85491273036374 295.7915746283251 83.2419856573946 205.6322259657075 487.2505723740999 210.47775613104196 
318.42861926079087 163.51261223961095 133.61370792343098 343.35055257727987 222.97581971808026 80.9903314179779 187.87818158460294 202.22079168825528 481.8390330134016 331.87700336468123 199.5216164538658 337.3067712631679 199.94947935991203 184.98827670717077 467.03821247283867 246.4471380252797 443.0548836087107 117.45292718398342 418.76047612651655 307.9321475850027 
427.7604541483781 219.11709956712897 471.98291568778296 149.156519839651 300.2235541857998 158.7465172548481 372.34088233481106 484.29688247473916 67.95500452211228 307.73000703352716 140.39761267051108 79.2170578646783 374.1802419223101 241.9872785882656 377.3927833555637 126.80424936768452 429.2133429728678 467.7842280297833 307.1053688885877 440.9391923229461 
38.29722320759465 342.15887265522804 55.78431813594741 502.30356043815505 290.3629282638159 283.6609068137973 297.0998592712006 14.227592292608994 97.16126351916404 494.1081984362826 14.06870658282238 251.78115041289377 397.21989876320293 37.06320492357855 254.90631036104077 112.31130058093213 464.0790192655224 243.7324826669437 384.75921098087593 400.6295679520553 
383.2586411680749 41.99247378602227 460.27060486460334 507.05195391759185 387.4107556956508 429.2445618181882 478.932358529377 261.4948591137588 364.1094461892946 434.80262837399505 380.17647782039637 371.83010454477056 475.7320195219786 42.516247778615224 300.1591903042563 479.7019838804013 455.88435178069193 169.33253192192365 207.19085281382885 492.0097512374637 
271.8235382030346 420.49986291994753 169.76464467893226 471.258369472023 467.33102117544246 467.1165965908542 134.13732941465054 492.98090466535456 125.48920805003671 16.727851413616815 213.4151087314941 503.43553711678845 15.814860620642182 472.6734920495634 115.09774360584667 335.78031748141757 115.20221958619452 502.89053012836786 459.0340445059848 167.92892521316426 
317.12914211678964 363.8729284441075 362.74187943508366 330.2903530602187 268.5792642793701 450.4920200870755 296.04577580946193 496.5958232021153 399.13335095430193 167.38065159155246 331.98532816341634 416.0159444571379 331.6829604838372 342.58419084471006 45.94739456664081 469.7713379182247 489.21959785958353 29.181467858657985 439.9754241307396 460.4397069184494 
337.15231605191633 165.57884503016018 394.2087606550907 167.16264946476682 325.6071665311613 190.18048126474284 272.4053430196631 324.9551778652275 221.16132074774063 331.13795306210716 433.50066600149734 311.3212325124784 142.46521519233966 416.8823751706652 26.15633644077519 448.37813592230424 239.20573924367028 178.1420311712094 68.25113686196121 453.6933000670572 
78.86357628101992 137.1488689390814 438.26800970704 198.0361144762781 430.7179445118711 304.73668135504664 30.529766252911696 53.248354221390116 261.5516729031349 31.034338390109152 451.236855138874 238.43597937741268 382.5099368973803 480.45717778182694 257.260303775347 197.68579546373644 311.5655930278937 326.69944731549566 364.64279875603233 167.50967136826466 
41.04442593807843 388.4312747314983 378.7612755896896 217.21981778457365 24.66325064431978 51.402987491674814 223.10389819204732 170.438049909105 323.53411276730924 447.6600609856225 68.61475747583856 440.9422058772069 475.58771211017853 487.5718340594568 190.5592253588299 441.0528570265846 277.8690427139865 465.37697615000974 504.8632823519667 345.76344048878224 
296.158609462199 83.94902744622017 160.87978112453305 120.81687196616159 41.37208397954328 369.48494793192003 192.53485617503085 347.9318772284174 377.19171146810453 71.81994085241428 354.8076170933216 505.3820741090639 348.3825584687538 271.07163174538226 397.49612320118746 487.13097275541577 244.24660399167897 36.316633885209214 153.22301920072493 268.72603394591596 
336.6679986973985 107.00282342514349 441.6336247267607 253.15478559027304 357.20246104441645 192.8002619541329 416.7398835097355 454.86637937012625 402.6639897985762 112.5939593675737 109.36319973853519 305.16141254705946 83.66202200775479 118.32167181385644 41.629146371909556 487.1533931703912 355.54217485876194 374.3597227249771 415.4675162975043 333.50476684381925 
96.18363719015059 188.16010502303064 502.0703695363105 445.1407677993473 120.10639005599631 212.84184878556704 484.26171502962046 314.1442620320232 443.3414077960289 467.43999069272246 128.731454129261 359.03442428611265 238.51687372085254 145.5149768022026 290.0871833500011 405.63280780171675 44.613565592928 307.82592810728994 373.6765244830981 271.7194958755585 
420.84264990301904 179.77066375388588 509.13348649762077 238.6828159138485 359.09882778122994 399.2957213819541 311.6017918241259 318.36544286669556 394.44205291588526 185.97951161124647 232.58831754474843 348.31034664494155 478.06099156208586 26.991611443388898 127.39976662350504 73.60928747430583 302.17126247396925 100.63145653478676 291.11573087674304 498.5574516234598 
391.3016156666354 283.1495451458481 340.0513390486311 416.31694263678736 399.4211511717029 209.55411942304974 440.66235739368983 149.79253796922737 177.3608149235519 484.1066938643742 12.846230429191522 161.922690649566 299.98209040099454 261.20933329470927 159.59183612717004 318.58892882454296 367.5462088431061 42.386964520059735 199.9313798789365 212.34680789878456 
20.736934499698037 160.06774692174392 307.14731698583876 80.18151969415337 233.78994598665304 43.864707928327576 379.18756782167844 473.49128726649525 75.1821645045359 490.06165745059747 393.2421277620712 463.5016088251807 250.3339121549599 280.0065909426171 121.43411623403587 290.3136693832259 365.7771579808645 118.11577771339171 209.57853461916037 488.7897414395213 
479.243014361957 485.19145730483217 245.96171403369732 149.47903860727484 125.12148434644287 127.75638898931805 72.09465938900073 97.78680996258525 129.74664862732976 29.10845659932342 212.3934160419777 399.5901278513803 155.9604678330741 332.798316697373 424.73949035032444 226.50319045624988 41.408206301630216 314.2332364194392 498.87367023434626 238.99552853147281 
120.01875359050928 121.11033624275585 54.57602746568195 270.56603819060535 341.12279401255313 128.3822461754171 216.5856079722147 221.17606151686664 125.66210417532125 378.45844649809334 168.21257325303839 193.14470137630096 23.94301449547247 202.34520097239238 210.59628801689084 27.709260653115123 364.38720663262063 242.42744677845738 79.56210596205109 25.454271683942533 
207.732916341659 222.5956124262639 397.0302556788564 258.8119278793374 46.13971741332289 436.42053791340163 258.92983563786515 509.8372380229281 311.65001953192 49.079568956642994 86.57104084804939 491.46092757807963 383.4603402359993 433.73708525175937 493.42882758842944 135.42327710733537 408.45554714082226 388.08244145662985 44.290956258309194 355.09198546442167 
374.4591268831177 201.72851007158937 408.7238012887497 316.3671696329896 500.6526806722738 170.17395019838065 35.80884208340689 374.8766969052965 134.6177587878033 276.0323131205608 102.10301158982386 462.6648532415825 470.4530290162691 383.23114966492204 109.77610331665798 332.5776217344412 27.420133511375337 414.88415950625983 136.87826811161062 193.54756384306876 
453.5711359381541 110.53963305672542 366.69076053734545 394.9815065411743 343.810894758501 83.50817767332241 148.11309654532545 443.4541360768558 386.84722354079673 23.972930396009943 464.0396742514354 259.9106307077077 280.4822598325446 18.585349532811257 309.6790306891898 210.5814368347545 479.6979444569548 82.24982828258197 107.76887202607077 69.81231717318758 
466.98882043085706 122.79998801854873 412.63995698653923 198.01286851575566 359.39533276164656 184.2700769624983 280.08200449487407 342.9264924404648 291.6905812756142 439.4643877520803 304.96470900667583 97.42507239779334 140.1738753734271 27.52796689420233 453.5669786628333 172.031433661335 276.52403913982243 457.2215854863357 442.5676622740144 265.37267938959184 
166.1656629663783 421.60424792399994 41.65060832328881 440.76762456915344 250.60146245596997 494.8262415038571 301.6775194353283 42.15126835008025 178.16372842623 306.735992464814 335.38146412624485 307.53972398411423 72.63822622100528 416.0036531454658 402.5342447869009 463.23837178789057 154.2134275642916 227.46474167963464 176.54087486923268 206.99669531996688 
152.20834748396283 424.3868669417549 194.41404012816548 113.31265932610079 74.03205952957902 11.362632921150519 117.08197942788678 119.08998160817352 19.828053778173143 188.5319526773425 51.982537030475385 372.8512057999653 357.25649967642954 402.8367803737537 314.89693735965267 355.70990857872806 195.8675744878625 47.01142821201536 132.97601553120137 307.30494457047024 
225.51901252566768 402.0116816552088 415.9123019059173 114.90013325841579 108.29095770875612 43.58568232185966 347.21088394644335 448.85217566855334 238.35121129170966 58.68980311489018 172.51241755681994 52.6502610210906 309.22411004307065 42.45266005599107 186.92112550442403 220.7302293528273 252.91606339276757 471.39027304807007 48.291084322614466 122.26656776003719 
240.35089914141398 173.57563552023962 168.423976295175 254.14528880609598 57.568139384540245 241.46571635387087 59.13120931480863 431.3208458088676 297.1373748709455 358.0890758130797 135.11374140425823 347.7602490360834 429.24182592061777 132.29718965868892 100.61265797862939 366.1773922374051 441.8841649891521 163.78262219083754 171.78361884536184 319.7608317725042 
364.6678566421777 183.56722063037893 11.748249097458189 234.09811344552278 115.60697454272456 240.66329649559404 380.27576598505993 502.4996918648641 235.41779964381507 30.6110967695215 125.04778553581907 172.9257348790651 198.74516291450115 86.59566089959242 266.45947062399495 129.7187200719551 116.77676601111618 178.84605722577578 52.910310710722875 78.34516429662857 
270.69852890363995 393.0202923193087 488.537378305708 366.34946401195225 40.44419414365529 483.2788682017657 460.34443060388696 298.7229899607474 418.1921585526978 220.75025484950953 216.6798987876984 230.89167099839918 421.0628178968328 83.09130138205117 74.0167869965052 347.5250355223894 342.469428853873 255.84572295420082 353.98778049884066 160.369956487375 
406.5756881573941 41.303861839182545 177.62860369547366 383.3121392368255 15.313111455058195 395.5667442385944 368.7827076968369 467.8685795093894 402.41135588604806 439.51762013051575 343.6204659385538 207.31396752106727 133.89461734389562 414.40414552738486 488.2260730626083 442.6443660642008 19.497198000733732 177.7341672122405 151.2050833840233 28.581023040355248 
124.45139368570668 460.1885040182391 503.2659145557528 342.8177469509431 196.10084512234164 229.25362139010562 140.72830863100683 246.71470203737644 444.79238713361804 130.27734369798165 434.91193084939414 30.641928660014408 243.49970000701913 100.65091454954933 254.35819892893917 502.17558344343644 435.6316518419814 377.82030742702665 311.8385865202921 500.35017870027445 
65.47867705021986 246.83004101555943 13.102244010740996 244.16973743003783 470.75013571069854 498.102606440569 309.31645228053475 48.581243988003834 301.65595797153145 191.1565558896168 180.1526669174493 66.11321358834859 155.98550702471198 444.9665125732472 499.47156045868746 337.3828762205915 144.63695367008594 100.66810307159368 160.55993565004417 58.67464540662514 
327.0501667749813 227.31099379011587 462.87293591787886 99.79351266372565 80.9963493159741 66.36314060467052 387.23431055982724 430.3959822214611 96.17738333101188 135.66943714457273 11.448253982052005 238.00208627505486 306.0882587546945 338.56775530985357 443.27558021425483 145.89133001640997 197.59547868441845 48.8656119001427 272.727621645089 64.0858794826436 
62.68461115921813 267.38060023770436 170.63087025422544 331.6239420461754 381.8302637039108 70.747593419347 385.4154485351971 433.32661905860687 153.44146073057357 198.19597356373407 15.080640726821962 199.2612959564335 108.8355026095733 246.99993466700985 56.290515667974766 20.10463699928099 377.1936478553367 72.3050128504295 357.5527713106698 236.60838778444813 
289.95151469985694 112.03394749226169 228.43405944893317 486.3711234889621 139.0774354657052 482.57503075294346 81.76471580746002 416.11897834486757 328.6919394083163 315.9560303593041 110.78613542108423 292.69856507946935 484.4813254931242 434.20691393735325 128.1939307906029 170.98516825502335 210.35860881073637 81.61425486848366 319.02993020675825 401.90931965676003 
306.8249473820437 60.57076775071151 284.3762394095962 388.8049551477321 390.48451640677933 241.72289441799825 377.8043382933276 125.28220526001604 479.1661863018732 44.1195495978589 461.532506604427 172.8279556108268 232.10495295666567 106.06529361229943 334.244591321288 361.3373523476517 159.63631636384173 492.38092571828804 207.52329417917113 120.77928812812642 
241.8567534935363 408.7746798111274 232.85104790811738 477.1991071686958 20.703313931409717 19.027183724994394 206.13170807633745 371.2615238895854 354.9056443356241 85.69319621595206 201.68606577681507 82.53704211890344 152.26329514487796 280.02334619163594 12.67438942318221 167.73478370172123 18.701760878750797 131.80902610865874 399.8990642225404 446.0851364115309 
388.56005903374063 214.85335490284217 275.9405487671564 190.07500707535047 325.56325048747243 288.7716641218341 76.57964653219062 304.73911588690436 308.9327846455577 242.82434439412236 196.45924839145212 403.7102631054741 444.08801636422737 312.48530101303857 490.93885313743283 315.23177687213723 162.391833762573 164.4491575182763 471.0946607644559 176.3352335284717 
99.3936135723587 70.78031076719537 443.81863863344853 398.3865958395109 466.02266293136637 17.906898147341135 473.9695899704626 412.2038493301531 352.1851742784301 221.1629108076105 170.5293081677786 225.94936036790807 27.217900684897312 140.58156943884762 423.7170288789407 453.9999654206691 426.65161180828585 218.64290963394853 345.0152223983642 99.99798159478006 
139.7375191764213 185.67898765619157 287.0598973386717 502.28625591550446 337.18978686717946 403.63957541477527 445.3485437780748 474.9303801252311 203.59714865405496 343.9216623440251 168.71883101160296 302.53118473623306 63.95693767248516 419.9656814140227 230.55115455088475 372.0305757833792 18.78448634721579 20.321877551957627 437.6481959350568 349.7140701574853 
27.25113185512245 212.88959786621552 78.7446533274394 436.6127837656077 502.8038779960311 216.03291822721042 339.60016117423424 360.5083736852893 110.71989286659667 357.2755830373618 436.62856807575326 387.74376679015757 82.04897144088068 365.2783709957106 346.01687799378635 263.04301582639954 483.3969822652033 465.8021430863462 130.28655083375082 110.54321600035333 
507.003565206651 377.3595477603977 489.25085123012946 454.24184168319255 470.56717769391366 427.2585687602463 287.32081863926084 141.0623059077818 341.2704918942188 133.74110289725877 434.11340973224793 74.74124755000143 223.45938555135945 224.91954834073218 120.31468048998188 293.74033769374967 374.4286891160668 190.2146913121891 35.751249793952155 51.38592008211434 
437.7676450463695 84.99791272090467 321.6231615092901 181.43957145185578 208.71839464609525 434.14082009558206 133.85118196275135 157.30265450982478 371.00045204444433 205.17556104134587 319.49181745014585 378.0580797336159 269.554439706599 446.76877084006696 333.1729657413429 339.5523301286301 408.6580860564921 313.2124365002218 145.50360170135866 473.7208719915891 
489.8676888211817 320.6346857536531 20.410265709330567 64.3600840437708 429.2381154584713 305.633667821436 163.35388537904905 272.5489509185895 418.27457035425516 182.03773188660287 367.37971788930037 429.9234112229198 218.06903251316444 216.49483540264103 408.9536565803386 383.0067067396257 501.07479831995954 168.59449620893628 70.53816968718989 296.7986639688888 
179.9719548641493 266.22534351665615 291.86072371062426 450.82727320224654 288.0771401741846 111.87134704295586 76.82801517585402 185.86542554641977 100.75052388712746 240.5499246433241 408.0391501271457 284.5160874091643 312.25336097485143 175.09504869814418 45.85065179885982 193.8691118656408 207.50892166751416 449.48832436057927 213.9468046148455 123.4325380091557 
393.2202880311004 195.94146167037167 298.36805476921967 176.54179749689425 277.79790602145073 16.432969354343342 311.9509643645885 298.449772526755 114.54999231609513 484.40234703186553 501.1325101412564 449.30094191668326 47.58915040759331 247.3049202957609 97.07212319064095 35.19260795138656 224.90806801699136 325.730330891294 338.04442832450405 255.52646674486112 
168.07756462942214 329.78788234306796 15.055852250508364 149.85356321238712 213.02008100258513 438.46194324228975 417.63831627074035 252.41579281758302 461.3117714167141 112.64029189454443 181.7728883557757 387.58703961695073 306.46615268102903 137.51885413499224 166.8968822571192 264.4171090422119 224.65275751263158 215.08560997771065 113.94720773008048 153.4815933716409 
144.30357121419755 452.38716188428646 461.3932397377895 54.240720297275715 334.06061358474955 216.28069934018905 321.21235716041053 386.1103709679866 373.5176722325696 450.37486369989955 241.76120653871186 361.4484632016056 396.2093890370539 174.86232622042328 509.4958302001796 323.6596217504847 419.3007245550193 14.947423056678113 366.4938223302509 458.6214244459439 
199.43008034936187 228.57180542470695 145.7315890069191 412.6353807992661 179.1589811009957 329.1414375303364 451.0698943877396 475.1055705315401 213.48174921887463 23.957762633489303 133.90072808929443 109.14826624807222 390.84791362154414 314.05650768151327 443.40873182749766 238.3356130159911 388.1508263832162 226.15698785992655 352.4002315346736 322.77637986166906 
424.13543380878355 272.4251468006554 185.65299008720737 382.7370533869717 500.6783664316701 358.75347319293525 302.73989449776343 253.00635185089425 246.39340998293335 487.2608544483068 212.27959957361637 476.20621012346834 302.01564476009526 223.71554169249157 119.56731581805474 368.2524963977225 312.01716270721573 25.584335164352424 34.538871609822706 414.1684700883866 
211.9077055140393 151.41111586594894 192.02108470065764 277.4541263191246 125.6731665733412 497.22780646686186 161.2217258027896 331.2146487685327 312.80516971914454 330.70105494485944 146.41202362478566 244.2509411880428 229.37486502531922 18.717444569307286 105.75499785289476 280.31548543900124 392.6040242020741 469.110728600362 440.2326029638875 93.7365969449006 
363.38657959514376 132.23394173912283 129.62492093777405 429.6142099220341 286.21368559989116 33.0796073050098 317.4944639874913 261.7903266144875 50.955576880287445 429.6512237263797 472.12870988994126 26.797266622026964 265.953089863443 318.2890295285196 375.39406887121413 236.98677231570102 356.8722746365542 131.6532788338036 316.4542742452181 381.04319956197463 
230.77493763990768 100.06809733866928 492.3064665390637 145.08388327782396 69.85848640345088 371.9290800016817 242.0880266343607 112.54964254199972 444.3180322045712 113.87768178089213 367.1072153162278 226.0889431932727 58.783917003625945 436.4456557870151 413.5509020018821 419.6383585406111 71.78784032699275 115.8725343112774 419.82237671067287 453.90279768733217 
52.710666772505625 207.79932141278633 255.4623976622658 113.43851834849627 265.66504882885295 273.54158251407375 303.6066734558102 48.542024859846094 94.76594940909371 64.64494695276373 363.9327943810525 170.1480284450435 50.24233662560894 136.42627226795383 278.0497857371973 130.93948475782827 419.84289306277435 486.2034526416455 404.2835026014462 50.87303105217338 
254.98923186679977 436.91712399910426 193.81072972391976 270.32275231538495 506.12942838140884 111.84734877132173 245.09551518998828 39.045498134382456 246.74512495551468 471.1283279324965 338.58038173458925 174.17084726817112 50.46539390588627 505.7644431078312 78.58600767949191 345.4189305208714 210.7403592159299 309.8505161770799 394.3721368620861 270.74901144793125 
117.52772097538733 376.6996674002417 277.3130450310446 230.64225528201425 230.44547744000909 89.58164831496134 256.1406685294344 434.2215893364787 212.84368696748973 502.7750192561624 237.20839864036867 395.4117909750082 416.24862803865864 133.6360365716044 461.7288523067438 102.34310501137055 29.632382159438077 111.38762310917781 456.9385518196354 388.2013068357366 
332.9609929615959 153.33140998420913 483.1427832087041 36.727434900441665 119.47426727599708 464.18594380581766 103.59371866609013 280.5703286537471 476.15047207922004 279.254289514465 129.15489019792008 475.6950577187444 236.80885525150146 397.12409693270723 314.7051408130986 360.05041193357215 47.30338188261534 172.60326059845292 309.23526337808926 429.69849707189434 
107.26049857965135 65.59429686209123 486.59034541393856 90.60966918974589 277.8143510409119 466.61055664092106 408.81101878837535 369.3258486924034 369.79233067982597 144.63743133986117 299.02667355743336 90.69536883629131 51.8042824308435 288.04165170541796 25.853838634720617 55.882485441257224 442.6883128511428 234.23175889079522 226.2528071692334 378.85465409945346 
77.7664971225016 108.77302258776804 318.7956012764198 264.55076498609367 63.363442693616534 219.6597178651397 284.29852164145575 136.9333633272251 359.04098209018906 177.448061646437 215.77220155079257 150.12803445391464 252.0020308641594 336.95288065414564 264.64252635493915 240.85306717966574 213.11673047250318 281.2110621586905 235.19537144615072 505.3426005074966 
449.0241243985207 193.41503444810752 204.19838191824496 308.9661476113694 89.76225261274395 87.51934698306229 167.6527879704126 161.74794424227005 76.38010267619637 493.22337736103503 341.62863195914383 17.988989426596316 437.9842094508736 316.03353680284175 369.1361739174306 283.1949983644451 272.6733305443094 218.1078112955049 309.98699673168693 436.51339244048813 
371.8141049370929 490.5859542252898 415.597581520838 301.88252017799454 52.11096173272 13.108409778789511 315.6887216711183 126.09600680598037 384.92323490741893 21.227078054907025 368.8337956654788 246.98569821623667 137.28286648333085 27.411004890908632 53.80901756669403 259.9259591444749 364.0655757715903 366.350245181139 403.6988529311319 215.86277272588887 
215.76873182236426 460.26085975698993 109.70965568234286 509.0705465456943 151.34901906994173 24.89435048606996 46.64470254555985 237.83984509223725 370.5731519363843 61.95448248329454 96.99370664929734 446.29914372303745 405.3345085897018 108.62477201481218 275.58996826869037 280.57377562258347 434.3890476534819 339.909615064519 281.78832254785743 217.48512588405288 
10.963486097357414 244.49234631994688 231.1168670872844 148.99324791906525 17.68898662123929 219.81323707489142 443.35577451983437 230.58600475641376 288.3133290374099 57.07053926633925 288.996199038414 26.817899258013025 460.64482513927607 411.8478262869312 221.03244416315897 112.20165483481603 250.18101489080962 481.07065955942426 244.04051619516864 410.6556697127437 
458.8753400955415 231.9956713269056 197.49613006181514 181.7106186729277 158.49483710442718 153.93529753618884 355.2854223858163 186.67812787592356 113.02205589731922 128.42125499343507 468.36132299909957 192.98468866077638 129.55427317439847 138.50977687730247 502.4989179647419 99.87410473233598 152.153158363525 162.93191313021322 448.10269199807766 93.6813815826728 
38.09798625689175 225.79183903252502 204.0189796249694 365.8812892300564 80.99556635881427 197.51646730432782 162.3066508040748 52.11475671579801 470.1999416798454 67.75935546842376 245.9191629107188 175.39607239738797 500.99509783956364 35.962088335213295 276.25111284262204 501.7042384680356 474.99364953154804 390.2762502776259 172.50242487038602 341.1614053122679 
355.2048010922423 270.54919323384837 109.81328936653433 453.00159629195264 365.22453705134996 36.0764953138643 388.1229694095581 337.53288326569316 347.00135803191563 83.82456554200489 388.70563882554 323.2960408967344 316.6304396466362 87.8262188310107 120.33631278444994 482.6228959316815 282.6296377919779 255.45253143348344 482.04002333781574 33.79745538452632 
16.150191909609138 321.2640282089332 494.37741649886124 13.022921774864018 87.57541178098437 124.14429216017518 376.2198301195583 124.39775758589083 108.96042666729888 238.4192971717296 468.9669732863295 301.1039331680977 246.76612217316384 254.66532716127148 135.16038197284828 136.01037496792938 194.34039207499768 430.9087937526551 383.445782847544 464.89493829712876 
418.59983421777315 59.92102802310527 96.83736488561422 10.487820939197526 120.36498419350232 23.311190795039174 366.23729557411815 120.53966357759771 472.80227923503537 128.12034349749615 56.163403128857915 258.1174582330905 327.42581996152205 446.619924650478 354.63826837936386 27.33132070503196 202.11204417801636 505.01764046956555 184.1928153787532 142.69533388569982 
490.5805256518948 291.774033270563 475.93752146019943 375.3255365689211 457.7938891339881 181.2326355887005 433.6543991267164 134.17817148981808 210.73008807471066 493.26714878078917 39.86282951780123 465.5313827009413 458.9801368859246 34.64843109027865 180.81243336725282 378.9134350434146 504.62432440669596 92.8346780642577 392.355988415194 32.68055268610169 
25.840257468709815 477.8877702921537 353.6557393760976 437.44760222832343 343.69554887795516 333.21901861826785 380.67592688661915 460.5746391080385 486.5785769395425 60.86733022667672 296.4149225132301 39.91249438224119 491.72026122742574 332.0129773218636 179.82998623326012 140.01055845723252 508.26001723027974 278.4301519910915 120.40767956676228 108.98976374687274 
391.3090543674326 85.58125427859386 230.33331212597096 219.28408302395457 101.46407942326701 333.05624979449675 291.212249868798 300.45347466229003 349.22459597102 53.0600774161613 37.296429295524334 497.2715207541338 48.76687301026832 102.6512683162154 202.16906606261753 311.29085693860003 270.527739861415 70.43496176593067 80.84082402173331 209.08948718879327 
507.05131406907657 63.4133336618921 484.21038472905946 205.4011531738254 191.55179328065574 344.69663440048686 87.842754213576 454.3328253664081 33.645436478449525 417.77798243331995 302.01819117003373 506.87256374328854 361.70484690512603 278.07497229234286 415.0051492445817 17.890662512315018 286.28876774259777 177.4412545936732 386.5100989523932 310.8374198456592 
124.10029799315696 372.35119523766554 293.2576181699296 333.34054018523767 146.92695196444888 451.4608346441466 53.653516158355835 161.90532011005465 345.01544373011586 463.24808660231145 183.48461475403383 338.92074081550857 19.334415076721783 189.43546835470974 459.6077616928024 450.1745697656093 142.1782602549818 34.898402077656144 493.58170342926167 476.0806877004071 
50.56512075958491 129.76230114639836 342.1944855500268 74.82159827325818 161.88222953266657 364.3913658633776 406.8399671639761 80.60946688538777 26.23159213354214 202.9725218300421 498.69609129142646 125.26859011302248 154.92936680898305 246.39731015654957 71.65852371229235 416.3425491622944 189.6118676767105 140.14505465640025 249.98232092161447 329.9291983416379 
101.40132571368198 47.87041696885096 402.58516142141684 101.44649984301451 234.58474526906713 36.39834065589619 140.9649611847608 22.53241915162007 134.2586443414912 342.8296405029871 242.68515792650618 177.2819557053448 222.39308712095806 119.46031630137165 127.38073461109715 376.0245268489315 11.768068981222836 377.2176722525828 137.23812899614182 69.8446418683607 
172.23521911348087 473.31647400985975 498.90217787320023 154.0492219861499 388.75815293333426 113.838101562449 468.76309006764643 193.7845366307075 75.68450278183829 466.93606036273206 288.57679429940595 230.00585481539852 136.70276161220312 107.37067106638409 203.37157773533846 449.00315819478254 84.93701661172663 138.07640086834883 418.5942384004854 123.68572033574753 
462.6328676380171 459.46464562896335 498.4489317745649 359.82899935383864 124.88737272579213 282.1653400913412 332.3816553441621 305.48662982605276 76.87644592847359 103.9103357695078 421.6637190750582 106.77103936149517 179.03261308079993 496.26180832439667 363.0271567510196 18.20542731239543 159.6263905591924 171.8887271394597 31.30524360426511 200.8504484676536 
499.20430811009624 428.0945483301597 88.03136203128386 366.40874526805646 376.33673278961453 187.29925703135768 67.94916102709769 50.51032493333728 489.1286976238803 480.17889411983003 420.3871952522837 423.3819138643485 191.94677654948578 342.16564478715435 507.45129111436444 171.10363961309776 11.815049055930551 219.01173215361806 185.9876134363368 105.65583378250075 
233.93354254140664 102.1199809968417 225.26954970878487 286.9592949727303 370.7720058140761 239.34458163312289 437.3616797962813 65.11215903859284 454.19224901325697 391.96476628829157 22.113862412847066 76.02626501468644 215.0522274829294 233.53480506150336 253.7385535002701 348.66649552360695 339.7449074315915 111.31326851204825 260.92445115398897 307.09587199053874 
118.12504248210475 15.974885741507673 277.4397647695669 75.52976054491683 422.2770740341991 230.30782951733585 365.1780056140749 119.60223342810777 80.57720631218389 252.59991004710218 236.59954061605632 382.04766239102275 336.50274608595544 215.41641581721254 428.5221083269059 196.00078634099765 206.64191812532727 145.4731240835389 204.21323709882026 384.1182738424987 
177.35728735397004 35.30723805422835 185.73781286092733 76.72495195047168 304.5557864214389 322.44963551637767 343.5139563308797 407.1878076625716 406.0186174953157 496.80149514594115 95.03020744906881 367.7209297437995 160.74408287130026 181.9182493935918 389.6772551038418 233.82444878101003 54.75643811463203 160.90429898964413 281.6472583636508 90.56062459436502 
237.83401232048257 442.62136718024175 117.85397120748591 118.87028414951693 480.60957372270093 88.91365679172691 92.8266610901659 425.1326287124393 46.49615171093917 148.5530942920384 47.53117116957899 322.1715128078488 417.8914685741851 168.60758180218386 14.070911641482432 94.91148566932632 441.11399459034254 378.9354629955384 133.22129764701532 408.8865599063439 
79.5238431098218 270.5094032347866 196.75040802266363 144.80488259230304 89.28164218736039 413.27268499329466 191.47929667615404 67.37250074150008 57.198401969651584 484.2311151854378 347.0347569350482 361.57914678467495 365.12962242641805 101.48364603550941 314.2480265308686 194.64950795724965 270.36670906128296 184.8948800327045 226.1521702355919 86.8627077695283 
416.4787959037547 189.11248237070643 18.531668791535274 499.44346719825364 214.05818125441715 179.63271239756466 11.976969777921944 172.72783395627587 155.82241960528876 347.6172278595518 382.3973688676693 372.80672023702107 255.52621932808637 184.16415367256016 271.9452490638778 329.8503645332214 425.1363273880995 159.7366993898868 417.3048712809194 276.31684244259685 
229.72242029124982 379.4522537700325 297.2986656285073 118.24767127943402 84.517245851976 309.93537844910344 426.76444400635523 397.8537414381707 83.59900146190806 298.4374912857016 48.65631572974287 330.5946677567059 274.64922697458167 229.92656080005375 101.3227603212099 324.95464108864167 319.239216512609 292.8499636284237 462.9147397715324 18.117973915013565 
103.09815653204207 449.2734650613996 99.87706226133463 485.7473941276854 485.8160354285361 330.0996198734213 371.4761515926825 409.0682472873521 504.43452084418004 401.06860939149607 367.3173113874311 107.46178442290504 470.3788834872132 370.2446667241438 279.8046047740606 469.77054293820294 24.18413009588332 432.6912513848432 438.49653920260954 442.51903122061407 
337.46845043569647 73.03804699992288 258.3104871196374 358.2528698036965 276.60708508195916 271.6429545110405 478.52932644075554 12.199379886251574 467.5597673056393 85.0521061334199 194.56297450763037 20.45289499469898 326.30484953973325 196.46125501921273 309.4183925992551 117.88782756920318 244.33326401887788 156.88132374328723 156.83074586026257 179.0026731282392 
243.65539454178165 162.71155969306645 173.0092845402074 369.89798751731934 40.77403502624443 340.42321086487993 118.95067983536305 464.5916055782462 84.07653043279383 134.05699505980633 480.27322003947785 483.8740585135165 254.09921239677064 16.237316959664895 296.52482753774507 439.9074694581118 41.117325727729906 368.4065545049075 296.91807510772287 94.77091806091414 
139.51343518141113 500.98236532977756 344.44538930416724 266.1555573132724 23.37765394946433 409.1412638959729 315.32743685228843 338.41238029470014 192.79250073296234 484.93151321243647 165.74789300226604 262.1560132054877 405.255901933529 31.418496100834574 62.82781501224076 450.6275031367257 331.6950824981789 49.56571047718427 81.79245835945885 106.0192273530731 
201.5247613688603 393.55442322403 96.28402334239954 133.96511978147322 126.20261486492473 15.245257508791623 113.77317339885018 429.39933030528204 415.7351445527421 143.48461773752223 433.0225855600525 441.9863821718509 327.58724448152134 368.95939463776244 125.55565376265665 54.32596173947934 312.4482578875582 230.30269447224666 468.0833707453172 431.13554370752155 
446.30803803809766 22.154090756502036 77.84269179089326 122.61393762678779 363.2957846905804 170.87717600970848 127.79926820534514 330.1887688442195 128.7351149591067 148.63790073598958 143.66797672886966 367.85125907575184 116.8681661409206 21.546421286148245 509.7040396381095 477.2811446726982 82.70211106364899 352.56599222579126 435.218083503882 279.9651238526022 
242.43107349590542 304.8916881897906 258.7682703646798 274.51174919098855 301.88661184044616 416.5022859580607 91.9824208720053 412.3660709632813 497.4699188399701 141.58834877762865 429.9634978610795 410.1269290068689 339.0187825801715 379.55967602791395 480.2314108811793 81.67029927542329 369.0625571029743 337.33520123238844 87.15435740224457 98.28158157958099 
377.91813203520286 195.61847543649972 253.82275436426403 210.00005959744993 139.08011601800519 174.86191953786783 388.31897206079094 86.37869159524152 354.35836117802427 221.62287455521928 26.33586069316434 59.86222079762148 123.21587578757075 161.0146222461975 407.09738962020407 179.9869091344025 375.7603603882107 285.9555726985774 404.53432631002084 111.60488702846105 
333.84236609624753 478.91956406231463 440.6681818864514 35.33628511575981 189.71333644154512 86.8905865309561 133.15659242063037 333.45227094752084 316.696520282299 395.2249539709398 53.953135617500635 469.39211558723525 451.32403577365477 171.12407511982673 101.03477812480438 94.11749883423263 411.39300960284555 372.4209334336696 110.15012820300274 37.50693584262659 
39.39414224926301 242.38340142752972 458.5415064444406 467.99376111006677 185.76563465800533 136.23760662276572 37.59405025839706 128.65057868214774 171.42573395305783 50.11422535065407 96.36494304143616 182.9233947547756 294.0369267109088 448.1212381756414 82.9458980680196 328.21847935608446 67.45493683791707 108.24578849450045 235.61199174608748 460.5452217189782 
508.81576891378114 332.78864454707525 300.7100098001817 298.4179477947922 412.71365229591214 494.03426029746703 379.2395016096549 499.21993844211937 176.9232870345435 10.859514463542654 29.079404516026464 426.2326949723905 369.11940708086235 476.98430569284085 374.81374252612306 349.5336496080607 349.04670048483666 286.5671092397908 102.10919044454936 488.9654085131857 
385.5933814617954 227.84867686760896 338.5978476746431 432.3795871164967 333.2214055956612 140.5468698457885 48.21821016184729 87.35851537656512 57.20650012331473 357.70597440461125 190.96753943233097 449.61781682981035 422.141168206052 277.7032920772109 25.018732684790425 96.29300123520034 283.15369384629224 37.11653682984122 53.15483700890904 437.31323484388224 
44.296429290078976 380.15482023500823 240.47429306195494 383.0653945799792 473.5562611883699 445.3564697407659 255.32001774938212 211.55153663317816 88.94069754514128 315.25695675444473 110.38561613188168 43.24287457347369 55.09234879072338 299.72975863630995 205.95157505971687 456.8334459174673 154.88518167845714 48.70348720077021 402.2047846361436 404.0965138278128 
25.455583838699273 214.9584989761181 372.5944449017173 207.04695365572238 473.12136809381656 12.705734949845773 115.17739464219112 45.612592777028276 306.64181769813223 142.65135150251234 123.90619165800075 469.01775715700546 253.27192023291533 179.2500131917895 346.81286591403915 89.08210857844905 147.06398445263395 140.8499881318566 183.04150726965383 238.63782107724438 
203.86956802043613 88.43327053234967 395.6829705607306 503.26837050973035 322.4951078694648 223.65376310861794 442.3646324910853 159.57196716964165 476.46414014977677 81.87671039987903 350.54838997277176 178.1527228397064 385.8394009146349 40.922441784059174 389.4900988681392 74.5427721854887 283.5578099899425 491.2176264017792 415.81342298111804 16.258406348941257 
215.73153604833067 138.05709505298373 394.6514300863093 219.19339022048388 440.36832042031335 31.67939030048033 223.30881171109928 291.55251752178134 113.96398571782794 45.85914082207936 109.3980969869871 308.5286385079726 80.42048934180056 150.7194771249562 380.4027410106371 25.926136190428043 201.7425187295702 450.4674393776043 226.62049155845614 265.9341492187226 
294.96572391819996 81.75568015467803 504.439873617015 133.2525284987711 364.7698413245391 193.3735283340928 351.9031322431788 344.77368039949283 446.2297037352262 352.97043754490954 493.5086185025863 81.02351086766035 497.1573270775641 351.51509774691726 236.20588076924813 392.564485467557 404.48819189903327 501.19325941747326 283.5364275084523 319.5639488845839 
294.1648542470227 147.44739618961293 119.87339774871275 507.7309088992456 458.97097034893153 240.86132619750333 341.71325810185454 228.82430543607512 343.7688735095099 439.59293659970473 437.97260234948664 338.93598832037924 152.59389565901188 338.05815761334674 146.24319108140764 332.75142807265496 267.0584415838677 42.56921504568261 136.95838563529287 276.99132749420386 
290.5190567022236 439.63044549187083 402.4241100979161 31.237363264761054 157.4595224930864 127.59461750377004 352.6673652320952 289.3449310077328 372.5431347597458 107.38301682156397 245.05555847477493 99.64633538540562 68.78733667195235 452.9724066110668 199.63973720037131 147.14727260268884 199.31376863526566 307.3518786546555 177.1747025474377 205.9198866942719 
302.1268436021175 174.6528815273234 421.7693778501303 294.8954891176259 402.37412966512994 104.15542307935138 495.1203828955007 195.26006283924934 241.54139150220422 486.87361777308985 154.28194590422427 112.65562926071593 148.03566564617702 310.42375128399294 449.92537640198327 392.3907668099877 488.6094111383652 342.87785782475447 47.04114519743706 320.8630950489413 
265.0787864385405 341.3061204384273 395.0367015017407 171.39726271701872 45.78932884394248 505.7110189388599 499.1831739883819 277.70116042969437 46.28192710238998 24.056517117881526 170.36410445475047 43.14377351709014 298.6125385607427 179.0953219309866 255.07921559788653 419.0576527664595 473.7784856544183 112.69734609346854 472.6565888085316 10.269176410003846 
46.70454093534792 468.38255953565533 111.62607095670367 91.05974130922505 118.24208620420144 257.7612531157771 462.20723019356547 439.7609113909555 333.63414888762264 421.5849708196363 486.86498149132143 25.186858726655537 461.8998359195946 181.11108541683484 355.8859076479794 203.10690551799158 325.5908825859982 400.48427007743857 99.92848961096999 205.96169982067113 
395.37379561329186 305.83793405109196 256.5003202752322 334.0257028843877 488.8904606972762 31.818737076721884 12.31546718098663 381.21946506149646 138.35049631248668 91.2373586582612 468.4850619920932 453.7746773613693 316.3084139879835 488.54853629169475 280.4942933560864 464.95506954640734 334.0786694496953 322.8636866145973 49.918847499172905 214.03640634227042 
352.2418324531495 351.1990453323718 469.8340886412818 82.74858932836709 67.6949634320365 107.66249460603416 350.86984104523077 507.38311235587355 266.69921989547373 299.28238255949395 279.8641504667722 509.7688370811331 58.377985590383474 324.1811273368568 288.06907680938957 195.31933273641266 228.11851183423786 382.79707800575903 30.86146734222405 251.35495161683528 
275.3302858034879 277.85744336371584 105.91212363815849 103.90256030520966 325.01317106228595 123.80574976761964 261.7663302168931 16.176273202217864 227.5885462926873 311.38659061459634 373.78875199339524 36.94216426303875 286.4464465327491 198.09108761616434 189.42615652958753 331.97018057328773 177.66191425725995 120.16600903312745 469.7407558481101 56.77632679760701 
251.3337173444191 446.88978247392185 279.1674040138925 53.85820629804671 28.998406569912973 22.81844055610648 300.44794070598203 282.62717049479596 336.5730224086074 468.7046811543617 176.69551092872075 15.240113837629846 137.27946476349817 436.7931587657826 507.5422144146527 456.53398342140645 254.0036528629122 41.19508813299371 251.32312720980127 71.26626785668864 
295.5426565836671 309.04531763406357 410.2497844980873 26.864538154115706 226.1928929135679 123.14506906374655 500.52634969475145 284.88801838624494 143.1324682281096 251.7933262263866 434.3615029861973 499.40462023864785 451.05090538108846 186.51005778913753 65.82915886212031 505.48623667475783 248.47923570114992 133.35448405854422 277.53131031294936 306.0256133422528 
365.27371352042974 128.54137568875376 110.01586709459653 90.07795429862918 115.70619665724962 374.0586424131737 60.902849063477696 440.9301969788508 456.6143275444453 13.989114126170257 305.67186531373426 17.10122846672739 365.06468881044833 197.2400294516537 217.06416188852177 114.47622013677588 374.98197487244187 397.3829068824368 185.05230663303828 142.77798392447988 
337.1974166786471 85.30722794553513 364.3305294655449 174.57870983092528 92.3694676314477 475.3910135339381 101.27908093198678 350.055081051984 371.22994685021615 190.89121994583064 417.35543733066146 45.689921447058296 361.6087260366448 319.2574120261121 50.865793503638 340.1234946721372 506.6901821784781 453.0715468189364 184.06964550434262 435.35759106572596 
223.95435706812742 437.31709788341254 107.57092286446594 316.5155625905932 359.2561166525799 168.68071503434606 198.94843169141384 58.36129663357524 315.4954039279858 417.58942241745376 217.57910929765023 311.78045660444616 420.33160644914307 268.686568307385 42.60688512076665 128.42692425673707 222.3952625524248 400.44962267023686 106.01054060220827 406.7376785392576 
30.45028009927097 49.652912944318 397.72342611342674 367.5192433415879 134.95959754085433 131.378472311945 44.75848347674293 92.30873405132755 276.5076436502694 110.27814679537967 91.29133903743325 282.7127135174662 50.53252199756224 343.78999016337036 231.65491955961292 23.926943217017374 62.821228085176365 243.0121637619203 373.19849373817095 460.640236493989 
275.2208140432621 221.93741123394045 30.964342004879843 418.5253394803497 106.0188944841014 30.751247010313058 181.1352219165455 129.52021420612851 474.44629293109534 193.89707382334507 325.205641813517 344.10268303591823 103.75527830092255 398.61113343184854 141.83023297099967 238.7616114985353 22.32629143715236 304.6306734468912 228.30212489807266 151.86770413110605 
327.25634667830946 370.77824562332495 58.614722040274785 306.14718353658867 399.8823176577709 419.12544027503895 410.05968595781957 300.96128944026015 387.69206507578104 282.43899825607747 135.3145920158203 282.5948567683063 392.07673857554755 505.61257908853696 281.97305348271493 325.7570026663025 426.3771992878315 196.78722726222043 186.470755996239 184.49717775543272 
333.6777200873517 248.8637147041257 294.36020646900806 195.73952586255587 478.80026402799416 277.10978281629485 83.88762821718619 243.6389081048073 153.95216644931043 243.565585014679 94.82488461539923 317.96140517968365 262.480584551231 363.9502302329686 189.50971777504648 324.69279157703903 470.1868267768293 17.772776752816068 298.0472776814278 432.07778438807 
138.65345268819672 507.35064015433545 24.62630651793634 360.2933853390737 480.03760957784056 136.4385971102433 116.90274872176641 147.9593608689269 497.7834406213118 204.1715611590724 425.4043191374512 53.68901869058522 402.70687807657214 135.02409983927544 104.90875883448585 375.8833815349063 318.90583887503203 90.49008166119664 434.74926252657724 98.97192024238687 
218.94898337286676 33.185217407763474 259.9998853898716 399.30286867001985 152.79619244328302 339.0760295271965 180.49432008544468 168.88644276634528 459.9038528978278 178.53801783388073 239.63097471798488 340.1938409955792 278.968028186316 11.946320587407458 489.91757489789063 420.21540434324896 294.758779452112 170.50206757431457 437.2084180790983 266.98079445776733 
286.4986058589227 117.99732565647192 490.5873431523796 266.7445793362448 167.2382431888069 114.22197869696143 169.84956209287571 195.04017824123002 328.6828678586525 125.71552800907592 447.53559918083107 169.80529821164774 230.92191182721464 454.5670174035444 227.47020519752363 229.78210815255645 301.51552436409696 180.96617701302768 86.7596299510937 196.39515993241596 
333.3908153722503 140.20886703441093 33.200258370009834 102.31014973558582 196.00118073098466 279.8600981071621 155.0516843197792 94.87688300132146 299.20149789907066 367.77752692905926 165.12752167857496 347.6592046461531 374.29268223472997 146.69870755284418 466.15685173874294 138.25534358259188 261.68844815144735 156.09526891129798 489.36961019515087 375.6115859679495 
19.657545774275246 66.99696746346055 183.25899532656837 485.03257345931394 293.5945668100136 500.488863740584 154.47392123426596 184.09115953491923 10.272474811936485 425.58470952028387 87.79485478905428 307.6410866303388 86.52982316728834 357.179738528124 197.14584035882365 465.1356294912878 466.84609538499313 199.78585426284107 84.59626330935032 438.45517319353 
429.2579335714138 207.75244137205738 509.3049812617883 353.4469941662546 224.06971574863698 157.6759171092678 193.36045978128868 283.3803803074822 234.81129633189494 453.7010965620472 416.46958990893796 67.5200418781892 475.8962996400838 11.417558962779674 276.4485969687515 253.02115415467756 366.43392604231065 391.05407759598575 117.46907941507128 193.34902450407148 
344.64746317404456 275.6742819870969 253.01227050242835 461.42652742208173 12.352614562704636 15.076715469591209 235.48466957663837 360.71246783598417 123.94873751342367 81.10225937495413 49.44825870377039 442.4139752337583 359.376165924754 405.05224712986137 230.4181869401468 62.03606284530144 445.49277321499005 192.9202655820795 36.181387554462916 133.47142835963143 
315.3227461379084 439.14077684967606 422.58891737292765 363.83372353625157 119.63086995491994 484.5577629060008 200.77543512974066 377.23732821639715 30.2753888746936 89.31641816161228 377.75867132374117 260.72674805891825 399.79247028105425 116.38109598090139 307.37226548535085 190.55887639748565 466.66560860640527 46.38257537277806 403.48490158574236 422.0410942575514 
420.732852085158 169.49781281498093 292.45900945893834 51.12840795155881 268.18516961796644 425.0653013307305 406.80201884812493 80.98281063238043 60.60895646524766 484.6391011944467 146.96343767217613 451.69783253018863 177.52590286853103 299.1847947704126 363.23074484896364 316.391581736738 476.8832801974695 456.1203590805894 34.67738044731832 471.87125143813495 
252.94776068763758 316.90510057204494 147.11568566847788 477.0723544818796 66.05597065327167 30.87991762639396 397.0083250233364 117.47568725628781 133.6748746136252 146.06179313784256 473.29091282116985 498.705190635822 97.22499277670836 162.59583858158865 294.0591788957679 177.50993721314495 104.1198361664387 499.56788503142934 200.07381664244903 363.3331406252344 
269.4744016494887 470.88084196548846 232.0360167410534 348.67156148069546 206.93606271908254 490.8978528465284 243.58693767180893 451.428269025541 443.0908286771899 355.555442238727 226.98412757503593 377.46195051535517 154.89826709417432 69.64976167847914 353.4080703304896 36.535872717430074 294.6080137585705 315.9990731817511 354.85203059478766 469.86960182911446 
291.6111240178558 287.1855217261918 499.5482924416283 172.49670917054436 145.67945421849947 225.57944362394664 37.88376145227678 218.63141620109243 351.04595834241746 142.34925094750955 120.75837880360562 223.24746209706024 215.77927853792016 311.1599861876545 317.33912721136164 298.0722256710457 265.9056301262804 257.26382199907215 484.1630735506537 285.1992619359322 
48.73110273697938 87.68542512410892 362.5422391872058 176.52236332502534 274.81754579081974 133.2054854272645 406.2237316654984 252.19433939889817 363.06513390693283 497.84545206542776 466.2580591725033 96.31342015950439 78.35476927699774 236.55660263786098 85.02886398274816 273.0408232541168 76.20335325276389 506.8165879237503 276.39711923799734 71.35207353997669 
293.8852443776779 164.83655942488284 293.9129842890908 351.6256860727267 252.47278982238564 402.0820782006204 14.048374129098475 152.27205058396174 459.2492064767151 142.8107669264102 186.40345677178453 339.6057224543294 224.94695570294314 48.330019147001295 427.8401303792476 209.16427489718942 335.2646160567596 98.67778353496148 462.49557850873225 71.67677207294125 
141.11544640950513 347.429517333536 234.62917507460529 481.8850737283851 257.0608263173215 70.33458383947288 146.25566975743004 393.42098265244994 182.38156863040476 153.4850130162134 296.51795898374303 147.94250887259037 284.2403098144512 191.71994107126432 224.75238438433803 331.7322134544117 207.3881629672924 392.968733769828 284.199927184597 157.96088720237287 
399.8685298037134 509.23594913102477 398.31611004951225 157.8196128058038 69.17154343880449 139.9312821145231 76.63303816687466 88.72335024408834 508.29192275884117 378.24762086688156 192.1264693223683 92.78923183098935 356.14356492371957 396.29029380548235 147.04123671662776 263.7925912279681 481.78401069252277 189.66067808755287 179.1279701573523 405.8038792788625 
306.9017552136654 327.1972971709307 185.24431644195525 391.70971078790296 506.0196768069326 176.57744762890647 64.2738169053874 154.82096785072306 148.86767186286153 201.48263566270302 206.31560197042086 471.7712299373752 474.37751879233014 51.03081504515127 380.0977812782601 319.9086090739114 110.75330874625188 287.1785542022187 395.56804313934316 217.38413738695866 
181.07032075192004 220.7963961121436 43.61421894762229 79.13974437965665 358.85565290886643 452.12037109076607 439.8682182647668 246.99914629203084 63.103684731166666 336.2828255599717 24.54624295447976 477.0644502208794 107.1793805305402 219.62582861635386 95.27857803995303 292.6220449466981 241.0627808733699 417.50006990255895 374.8819682474905 235.76036135059368 
151.3876212254747 29.252529224872806 241.02776242532425 175.90317495154662 108.72723482795315 311.10598415641533 369.7589428340723 458.46117128271646 76.58095831470496 452.63349823375967 169.80909856328307 301.8050480310889 221.51406672978752 227.53095226105313 509.67665751090067 475.7633552216043 388.904408026441 114.3908842640358 364.40716423390506 419.8480307203927 
233.74884938761502 108.18060002519636 134.03719005315173 84.4109105693524 320.9826570210574 68.12779366542864 10.65248763202208 402.93422730604954 134.7649552964105 72.71674078626648 396.01398758777987 428.6583050006608 61.18334589918228 377.4982179563841 496.70439464156595 293.7494753398088 33.83089619897261 196.41631163927602 348.7487610737993 274.2114942695259 
156.70848437456436 152.35510270774293 148.66199988188356 368.7434052961016 243.9058259772596 367.60856473073926 392.8765328677614 424.7471028800159 340.51405399107085 289.9765764965328 452.5032409431837 469.6876873080358 414.2232031481794 475.19032362779734 335.37872934100983 31.009696840614044 32.05761584459298 171.3702244458769 12.352130899761217 352.81239420134455 
461.70244532577067 176.219338290168 309.76451598909944 42.48721928264481 261.87421015721134 62.655581439662704 495.07407636409516 305.5204771010007 51.18886994770854 493.5857796231153 307.5801701424122 51.664525612848834 269.9801938010425 471.5246624727472 311.19936166465936 280.68035733578455 374.52168657284597 493.76195184253385 71.24659931138905 280.8550219253967 
28.105347322604658 208.7807052253413 282.17468366344656 298.4966458166778 478.43005937624247 294.62996560711866 98.22500889166734 461.6104998055981 435.75306147789547 404.95492742118887 43.94293465359088 365.95902341669625 391.2573925785823 153.38766621555237 506.5106558991901 356.70902223898634 440.08861445405427 232.00154856398945 436.8509762920595 163.86919667048284 
298.5137158754022 384.5326119777451 11.454781867543332 174.72096120861428 329.6556254592848 80.07078920471233 131.88565416186202 251.44598467301725 17.25612143735499 357.9242703981891 263.9145796211996 127.15317580469348 451.9205840982009 439.3601271365737 243.23783317165115 38.508615408537885 19.297420119572074 326.92420492872105 299.7313913650557 378.17129731896057 
104.64555611543246 237.04356837380828 177.19465868368022 275.2379819152252 253.24289394554606 336.6144795333992 350.53699280393977 136.90014740080596 351.08900217755775 379.2791378052015 467.35986083089364 309.51621963880694 15.355126239080022 462.09420283440005 265.8879446656391 142.3022631981307 509.0346389128451 248.29441443373727 346.2022175071487 361.84420636902206 
119.24702488830512 126.85411870667589 296.7281420126074 290.6346077140292 63.648584352674554 404.55024158752383 302.9321499535378 67.83736846384491 114.40293815892637 251.22939605827705 490.1794607595136 155.48327538949113 254.16448602612417 243.9825785743828 377.7064546661001 38.299521415277084 303.52788913372984 480.93047251001576 445.6605647265688 150.37650211121905 
84.39682169752732 360.3223931972653 442.16108594324675 186.87480808664296 308.72494740480255 245.65212706311632 182.333735392888 83.97564809372331 507.0823690217099 362.49375531797585 216.2722014144459 75.2778277536456 436.5006970402716 397.7605396109825 367.8799515925965 357.8443585266625 32.04972118232773 397.09003833694936 271.54514644991264 26.101870267506534 
91.59892376014238 181.05860179069222 158.60202916387527 56.79589826213726 508.21698634904567 125.92826211669083 270.5317537056224 253.20525906547974 489.6622717267866 279.6292891844157 400.85588388088 181.81853015677862 329.41759272246134 408.6814618648809 192.6756262528132 259.6758365563522 418.72218659975385 196.75715820069107 443.8099362949861 275.5790525526293 
314.05422524380657 440.5893847256601 296.48563153468274 253.3735360015768 299.51685055697476 213.92799371259014 313.53263240832666 190.5044996221085 508.5808678923935 95.24704841780562 68.03746831454171 330.0511628266177 294.6373365250636 179.90655902400022 498.4081137072371 249.4418741918994 164.81298509841835 222.471664833989 405.8033848465172 174.0531879221217 
216.50182888181718 379.89248169163443 95.87995087392785 48.89614773904865 141.06583854583337 151.24754489621623 291.8100296423566 26.592795078785194 484.15803356549105 234.7542565763197 70.52306411096797 154.84619600844107 477.12092073883406 147.74915975609304 199.12436405381544 171.60689570856456 378.9136025022083 80.34140710175524 373.4437965509632 441.1390539565505 
393.0204718043498 78.44236951578586 485.66784156159554 189.18943495248445 348.79479959420905 276.87469668732234 173.0079582122071 320.46216592121004 461.69021736627934 28.263726337422682 24.358499868255215 226.60269487711187 111.83325553203953 398.4145579930104 446.8972018534626 117.89378375430519 205.39014495224515 123.87788546854449 319.5814240057989 36.86681455182249 
308.1808077053884 252.4075797889749 185.49335447355358 337.031538994421 365.9934269662869 312.0132843710914 359.98709989549656 34.92733701705513 451.052466190766 479.3111296808239 456.5909838525403 68.69911084834723 99.09347160104141 342.8756838972809 457.6180718671565 121.40099548509997 426.49760639886233 482.29614621824675 81.43803249641356 292.2309788055707 
341.9391650193448 208.64013403121245 323.36360983991887 23.89952643187503 291.99916113887764 437.0279849029842 172.10458231524387 319.3353753697544 105.19808501312855 287.02083147968676 128.74258360495367 405.93163996485015 123.90099463904806 131.5254633824631 280.17975376007564 130.53530107146105 438.5479953387053 439.9192230148173 304.0143989237443 493.3831884453126 
163.66338774285316 386.0979605427725 406.7967654955978 354.18770979554193 320.09637858457376 317.1502018315325 322.6180960247918 468.5752986716846 12.946690160256837 303.3607073367235 123.9860316740124 138.08078619209252 219.6281156051625 115.24642299699983 221.93955461938768 381.90079917473065 127.52304664172757 98.3281315112514 57.3564793493238 163.60935614916932 
85.68130779522103 41.34074171726303 110.40683896406688 331.03867067846124 360.0162380532279 258.5854387733841 480.1049332951488 52.52844150313917 506.4511937760864 232.12680794870477 410.9136419915476 157.74663521073373 301.46970068211095 284.53812864626383 268.3536241053996 416.28491800846643 294.522201472016 377.89773912323807 90.57091419183543 412.2319024900008 
171.74266044398718 259.7398808741857 467.8158605560346 297.9272951933909 245.42813930187833 301.6629417677431 126.78652450658849 335.1000400605943 508.73434101236876 501.29835416594796 221.78978054619958 256.59365907968873 320.04048550800934 243.34310064419932 459.67311342422806 106.8818889454483 406.43635390451044 40.359221376768275 310.4802961027585 344.57767718367916 
500.7848464027473 99.04316777245181 180.78408239643844 115.13874460838835 51.81316994060824 182.6683107436069 51.64905735956958 226.97278873305615 71.68550530155287 365.4036456335427 208.17764879554156 489.14551637863497 310.510765208614 399.2118568991863 312.5926404024746 193.8944869672876 72.23807331858339 39.02985535451541 197.80905954500327 152.15212238255071 
111.39337075414939 296.9348877417395 383.44881369367687 315.2807270491956 175.11030535465704 220.9993947656561 441.25095969778147 141.22294489398823 379.90828501732756 419.5377210834553 461.83093895486576 488.2704856647487 237.67108500289717 176.44773045081934 499.7418079290967 444.6544615872369 270.2789315557046 128.35061205581343 498.7905027837946 127.16040153055113 
277.34738093167124 99.23184555974068 324.5624991311088 106.97094465915107 446.5259273600752 313.28651774419654 156.10773057554033 245.93957504012513 120.80954354856331 331.67212592156153 113.74106372433845 351.4982986009744 162.31637410465603 183.87196042532855 124.9103982324422 183.40250097195482 476.9845060864156 289.37223486511596 155.08549211460857 470.51609249921523 
389.64117489127443 390.3560378363124 55.62071872814111 220.84007092935502 183.89728126692046 341.11726359333215 405.54474017485853 232.98761922750927 246.3205664773646 224.89759910171873 349.23038920739594 342.3087982490694 379.34045924382895 393.84984046207376 56.89775556434944 59.8681342663726 472.33772170145215 152.8304261312435 59.903698038838705 387.47802323472644 
345.3719862225486 432.72453071425724 337.77074467738834 216.99121082090872 205.00048543606013 424.0067073352861 158.908799854087 347.05540791424977 276.6408624029713 266.2402547230538 301.9824455282811 275.5332149617611 302.9312850462311 14.218472107612781 409.8771771996662 50.790426023287864 222.54111314810987 226.45082532701332 353.2176710681271 90.05591196518125 
468.88504026502096 146.69724312013514 105.3911137130961 498.0560680067918 453.19389554280156 74.25366758704615 256.0288360861007 44.127170324600385 421.39536678389726 143.6918505504498 414.8993241094644 81.00857104893504 499.2575876055775 359.7567023388108 383.16568748734886 313.519878917703 365.2487792601098 358.12422570291363 93.96078940726103 450.32540882466486 
115.56615445163081 487.72316629779925 449.23312991408534 396.98882773455347 10.787053928515357 435.3234757717702 304.81659995308695 273.52126902669255 418.5955716147551 238.09479712550478 480.677224940978 164.62591351993365 392.0377396419857 154.83799760245637 298.29002603736524 135.84226826237355 447.7583763087713 491.59296249886756 272.0992185585071 173.79326427324963 
233.67277636220612 102.32573103392905 207.01464101241083 333.73819197892965 400.52632055140765 410.3980274809329 78.89781673642298 502.6346886626497 116.79520247441287 421.52253319555825 199.99057514395463 310.91294195623857 291.3812341840546 323.9067478511741 296.2394669234334 351.1650815496142 193.55408131122945 396.28873708852365 248.46897842721842 486.95307588319065 
284.5938928964259 69.56788683586578 374.35685782466714 159.9380799219508 200.5874568957968 112.73371191248887 253.1644725754133 228.53447254522646 450.8311259494156 38.79590250160663 220.17549217059306 496.29173454190675 21.293476739938857 451.4186896331652 282.7958641268531 213.20710399660354 197.59095870518456 177.96274679018285 335.2683958073286 458.1724096509442 
46.92962581800852 159.63760074573335 173.95486162565172 435.75795569558477 123.46595015195926 194.46783207412898 440.1389593830485 345.536743093116 86.54012014518769 253.77610177334935 242.30302411871423 107.15208342667853 46.234595038382665 217.8861093536295 334.83190145462225 349.3317450881384 75.71138917972668 501.7487162696365 355.09675842979476 196.0517660317367 
454.78090610141527 166.19423201773125 245.8723418386095 508.05303192886913 334.1556880273152 235.5140706987132 115.0404657934615 362.9137949281042 134.8420534532086 67.07490575270269 409.53304108596774 181.8811834273214 122.12282827171444 243.6683257755946 405.4678192225155 36.66489668852934 218.58422131443132 84.29933891586465 141.42972039879592 294.3961980321808 
245.640083311005 494.1166207277427 46.85119023531635 383.9552626058031 408.0065144559876 499.1877821990208 142.44450296730642 91.87011639834124 460.5801452648705 436.8227428193126 314.6391467119168 420.99021131916 122.17300003080128 397.1482581643265 290.97754750754206 170.13775752910513 425.55727128865794 136.63689175293396 68.42210011010428 17.93999567830972 
